Iter | Sampling Pol | Evaluation Pol | Best (Sampled) 
   0 68.03 80.99 -100000000.00 
   1 72.74 93.29 68.03 
   2 80.85 108.40 72.74 
   3 89.14 147.06 80.85 
   4 96.10 93.27 89.14 
   5 92.86 74.70 96.10 
   6 106.29 129.65 96.10 
   7 99.32 169.48 106.29 
   8 134.63 107.95 106.29 
   9 120.16 149.88 134.63 
  10 120.29 207.78 134.63 
  11 122.42 219.10 134.63 
  12 125.17 186.78 134.63 
  13 147.79 188.63 134.63 
  14 172.79 244.72 147.79 
  15 164.64 370.05 172.79 
  16 163.34 394.66 172.79 
  17 185.01 386.40 172.79 
  18 222.92 247.18 185.01 
  19 207.47 280.60 222.92 
  20 280.52 417.12 222.92 
  21 290.58 576.84 280.52 
  22 330.59 380.86 290.58 
  23 366.94 367.34 330.59 
  24 443.13 349.14 366.94 
  25 422.83 391.56 443.13 
  26 510.83 497.54 443.13 
  27 513.87 529.12 510.83 
  28 538.06 637.82 513.87 
  29 596.79 683.78 538.06 
  30 698.05 775.01 596.79 
  31 713.98 862.12 698.05 
  32 773.37 806.58 713.98 
  33 862.28 967.78 773.37 
  34 899.19 1098.64 862.28 
  35 1073.73 1274.00 899.19 
  36 1161.01 1023.41 1073.73 
  37 1215.85 1559.46 1161.01 
  38 1342.04 1458.07 1215.85 
  39 1370.76 1415.07 1342.04 
  40 1546.41 1354.54 1370.76 
  41 1645.17 1618.08 1546.41 
  42 1646.89 1624.56 1645.17 
  43 1630.40 1699.74 1646.89 
  44 1900.07 1843.32 1646.89 
  45 1969.34 2024.07 1900.07 
  46 2050.68 2231.54 1969.34 
  47 2075.78 2050.13 2050.68 
  48 2198.10 1803.80 2075.78 
  49 2310.04 2059.81 2198.10 
  50 2311.22 1855.18 2310.04 
  51 2322.41 2467.44 2311.22 
  52 2432.35 2175.50 2322.41 
  53 2508.56 2340.04 2432.35 
  54 2587.05 2097.44 2508.56 
  55 2625.96 2324.96 2587.05 
  56 2730.91 2704.20 2625.96 
  57 2669.65 2264.53 2730.91 
  58 2848.24 2500.74 2730.91 
  59 2813.99 2464.54 2848.24 
  60 2925.40 2541.85 2848.24 
  61 2947.54 2634.78 2925.40 
  62 2955.58 2705.14 2947.54 
  63 3112.22 2823.05 2955.58 
  64 3025.19 2974.01 3112.22 
  65 3192.40 2967.73 3112.22 
  66 3038.41 3041.55 3192.40 
  67 3177.91 2961.60 3192.40 
  68 3235.68 3368.57 3192.40 
  69 3054.61 3413.80 3235.68 
  70 3333.83 3495.03 3235.68 
  71 3326.75 3513.58 3333.83 
  72 3286.99 3601.37 3333.83 
  73 3356.86 3508.68 3333.83 
  74 3432.60 3582.16 3356.86 
  75 3434.50 3642.57 3432.60 
  76 3427.70 3435.78 3434.50 
  77 3559.89 3539.17 3434.50 
  78 3737.28 3484.24 3559.89 
  79 3442.09 3715.91 3737.28 
  80 3617.76 3757.25 3737.28 
  81 3486.29 3778.11 3737.28 
  82 3676.58 3809.23 3737.28 
  83 3464.86 3640.74 3737.28 
  84 3602.97 3647.72 3737.28 
  85 3534.83 3584.54 3737.28 
  86 3729.59 3787.94 3737.28 
  87 3717.19 3753.04 3737.28 
  88 3782.65 3815.93 3737.28 
  89 3735.24 3821.16 3782.65 
  90 3723.32 3807.43 3782.65 
  91 3782.35 3836.00 3782.65 
  92 3802.21 3825.66 3782.65 
  93 3669.96 3676.77 3802.21 
  94 3777.73 3851.36 3802.21 
  95 3790.43 3913.33 3802.21 
  96 3783.69 3936.22 3802.21 
  97 3830.32 3916.39 3802.21 
  98 3874.11 3774.19 3830.32 
  99 3784.76 3767.02 3874.11 
