Iter | Sampling Pol | Evaluation Pol | Best (Sampled) 
   0 94.71 -4.77 -100000000.00 
   1 132.21 -5.22 94.71 
   2 146.59 -5.86 132.21 
   3 97.66 -5.31 146.59 
   4 41.29 -4.08 146.59 
   5 34.74 -1.98 146.59 
   6 69.18 -3.29 146.59 
   7 62.47 -4.14 146.59 
   8 73.41 -4.24 146.59 
   9 76.03 -4.43 146.59 
  10 65.10 -4.45 146.59 
  11 59.54 -2.21 146.59 
  12 51.03 -3.95 146.59 
  13 84.63 -3.43 146.59 
  14 75.45 -4.19 146.59 
  15 61.06 -4.36 146.59 
  16 47.27 -4.13 146.59 
  17 41.08 -4.28 146.59 
  18 45.49 -2.51 146.59 
  19 50.11 -0.72 146.59 
  20 42.57 -0.75 146.59 
  21 62.74 -0.16 146.59 
  22 100.64  0.82 146.59 
  23 95.07 -1.06 146.59 
  24 79.50  2.78 146.59 
