Iter | Sampling Pol | Evaluation Pol | Best (Sampled) 
   0 123.46 -4.70 -100000000.00 
   1 93.00 -4.99 123.46 
   2 97.25 -4.41 123.46 
   3 101.27 -3.50 123.46 
   4 77.61 -2.29 123.46 
   5 106.15 -3.64 123.46 
   6 45.86  2.92 123.46 
   7 122.79 -1.28 123.46 
   8 59.82 -2.90 123.46 
   9 85.42 -0.64 123.46 
  10 59.34 -1.15 123.46 
  11 116.46 -3.99 123.46 
  12 47.62 -2.53 123.46 
  13 104.36 -3.17 123.46 
  14 55.01 -4.04 123.46 
  15 76.59 -2.68 123.46 
  16 46.96 -1.40 123.46 
  17 99.72  1.88 123.46 
  18 51.67 -1.00 123.46 
  19 74.01  3.66 123.46 
  20 45.06  5.60 123.46 
  21 107.23 -4.23 123.46 
  22 40.02 -3.90 123.46 
  23 91.79 -2.12 123.46 
  24 73.98  1.24 123.46 
  25 48.49 -1.50 123.46 
  26 86.89  2.89 123.46 
  27 69.00  1.94 123.46 
  28 65.12  3.60 123.46 
  29 87.05  8.50 123.46 
  30 61.56  3.30 123.46 
  31 88.40  3.45 123.46 
  32 92.73  3.69 123.46 
  33 78.98  9.33 123.46 
  34 68.57 16.19 123.46 
  35 75.52  5.77 123.46 
  36 60.79 21.10 123.46 
  37 82.30 34.36 123.46 
  38 79.72 33.90 123.46 
  39 58.50 37.90 123.46 
  40 82.51 41.29 123.46 
  41 75.78 31.36 123.46 
  42 100.60 38.43 123.46 
  43 87.68 107.44 123.46 
  44 110.05 108.03 123.46 
  45 77.08 108.03 123.46 
  46 112.96 116.07 123.46 
  47 61.95 186.89 123.46 
  48 109.94 131.29 123.46 
  49 93.01 67.28 123.46 
  50 50.92 51.52 123.46 
  51 78.99 96.93 123.46 
  52 96.30 156.21 123.46 
  53 53.62 94.26 123.46 
  54 111.34 65.66 123.46 
  55 64.40 62.04 123.46 
  56 103.43 55.37 123.46 
  57 69.16 60.41 123.46 
  58 79.78 53.72 123.46 
  59 86.10 69.42 123.46 
  60 98.85 62.74 123.46 
  61 54.57 22.28 123.46 
  62 120.92 43.74 123.46 
  63 49.98 74.57 123.46 
  64 116.69 82.84 123.46 
  65 51.12 62.32 123.46 
  66 98.14 127.33 123.46 
  67 52.47 82.22 123.46 
  68 92.47 78.87 123.46 
  69 89.58 90.45 123.46 
  70 52.63 110.52 123.46 
  71 132.63 76.08 123.46 
  72 31.99 75.89 132.63 
  73 160.63 117.96 132.63 
  74 40.25 122.55 160.63 
  75 97.03 86.46 160.63 
  76 85.89 153.93 160.63 
  77 49.45 68.72 160.63 
  78 105.98 113.75 160.63 
  79 49.54 158.33 160.63 
  80 77.43 223.69 160.63 
  81 58.55 72.33 160.63 
  82 69.07 235.58 160.63 
  83 67.02 68.28 160.63 
  84 64.50 90.87 160.63 
  85 52.93 80.92 160.63 
  86 75.65 90.96 160.63 
  87 49.92 34.50 160.63 
  88 114.64 68.30 160.63 
  89 88.52 120.52 160.63 
  90 26.99 106.89 160.63 
  91 109.26 67.07 160.63 
  92 69.35 122.44 160.63 
  93 37.65 122.47 160.63 
  94 75.04 95.15 160.63 
  95 19.61 68.50 160.63 
  96 111.69 30.97 160.63 
  97 35.95 22.32 160.63 
  98 72.38 46.28 160.63 
  99 47.61 49.03 160.63 
