Iter | Sampling Pol | Evaluation Pol | Best (Sampled) 
   0  9.39  2.34 -100000000.00 
   1  6.97 -1.31  9.39 
   2  6.33 -0.23  9.39 
   3  9.04 10.71  9.39 
   4  1.65 14.06  9.39 
   5  5.60  2.73  9.39 
   6 13.81 -0.40  9.39 
   7 11.77  1.08 13.81 
   8 14.89 -2.69 13.81 
   9 27.24 -0.88 14.89 
  10 13.75 32.47 27.24 
  11 26.96 38.75 27.24 
  12 21.43 32.91 27.24 
  13 53.80  9.56 27.24 
  14 39.55 17.45 53.80 
  15 20.59 63.27 53.80 
  16 58.58 55.38 53.80 
  17 55.52 121.33 58.58 
  18 49.95 104.58 58.58 
  19 60.04 135.07 58.58 
  20 81.78 63.33 60.04 
  21 76.25 107.57 81.78 
  22 76.20 92.42 81.78 
  23 115.11 222.94 81.78 
  24 114.00 205.54 115.11 
  25 74.50 122.68 115.11 
  26 157.31 81.09 115.11 
  27 123.74 142.21 157.31 
  28 139.42 370.28 157.31 
  29 151.89 279.39 157.31 
  30 139.60 265.17 157.31 
  31 175.10 238.46 157.31 
  32 161.30 489.65 175.10 
  33 157.28 307.81 175.10 
  34 187.08 492.58 175.10 
  35 241.11 315.55 187.08 
  36 294.19 407.27 241.11 
  37 265.17 385.99 294.19 
  38 269.93 483.08 294.19 
  39 332.23 387.78 294.19 
  40 372.13 440.16 332.23 
  41 427.66 508.13 372.13 
  42 395.55 594.41 427.66 
  43 473.09 524.08 427.66 
  44 475.18 597.98 473.09 
  45 617.23 931.59 475.18 
  46 612.36 1058.33 617.23 
  47 552.62 1145.15 617.23 
  48 819.32 1169.83 617.23 
  49 798.62 1209.60 819.32 
  50 847.77 974.24 819.32 
  51 896.83 900.54 847.77 
  52 957.13 1236.34 896.83 
  53 1096.77 1426.44 957.13 
  54 1164.76 1110.74 1096.77 
  55 1189.22 1282.27 1164.76 
  56 1214.89 1452.43 1189.22 
  57 1372.02 1692.38 1214.89 
  58 1368.57 1204.90 1372.02 
  59 1573.45 1478.90 1372.02 
  60 1565.89 1637.98 1573.45 
  61 1858.42 1898.05 1573.45 
  62 1725.65 1664.38 1858.42 
  63 1859.16 2134.03 1858.42 
  64 2137.65 2087.93 1859.16 
  65 2118.63 2417.64 2137.65 
  66 2160.31 2488.38 2137.65 
  67 2102.73 2502.45 2160.31 
  68 2314.58 2975.54 2160.31 
  69 2234.35 2404.12 2314.58 
  70 2439.32 2697.43 2314.58 
  71 2431.67 2678.33 2439.32 
  72 2507.83 2694.59 2439.32 
  73 2562.17 2601.66 2507.83 
  74 2587.68 2780.35 2562.17 
  75 2481.78 3112.87 2587.68 
  76 2601.49 2981.83 2587.68 
  77 2960.61 2987.08 2601.49 
  78 2861.29 3067.16 2960.61 
  79 2918.94 2791.47 2960.61 
  80 2917.88 2854.09 2960.61 
  81 2969.04 3011.58 2960.61 
  82 2949.66 3107.10 2969.04 
  83 3039.41 3208.27 2969.04 
  84 2959.13 3335.45 3039.41 
  85 2980.70 3390.98 3039.41 
  86 3157.35 3082.76 3039.41 
  87 3192.18 3300.45 3157.35 
  88 3324.66 3337.35 3192.18 
  89 3302.70 3359.47 3324.66 
  90 3401.27 2887.84 3324.66 
  91 3387.71 3144.65 3401.27 
  92 3427.01 3413.70 3401.27 
  93 3376.06 3433.56 3427.01 
  94 3404.64 3296.98 3427.01 
  95 3433.57 3396.65 3427.01 
  96 3466.06 3352.59 3433.57 
  97 3465.02 3658.10 3466.06 
  98 3463.64 3518.81 3466.06 
  99 3392.68 3679.24 3466.06 
