Iter | Sampling Pol | Evaluation Pol | Best (Sampled) 
   0  7.25 14.64 -100000000.00 
   1  7.94 17.87  7.25 
   2  6.52 13.18  7.94 
   3  8.11 18.53  7.94 
   4 11.21 19.66  8.11 
   5  5.66 19.23 11.21 
   6 14.39 21.02 11.21 
   7  9.74 26.92 14.39 
   8 19.84 33.05 14.39 
   9 12.36 24.50 19.84 
  10 21.68 23.31 19.84 
  11 20.35 25.20 21.68 
  12 24.53 32.45 21.68 
  13 23.05 40.64 24.53 
  14 31.33 112.94 24.53 
  15 39.80 96.91 31.33 
  16 35.89 104.52 39.80 
  17 62.66 159.42 39.80 
  18 63.68 106.40 62.66 
  19 44.60 174.80 63.68 
  20 80.79 135.49 63.68 
  21 81.54 120.11 80.79 
  22 95.74 100.25 81.54 
  23 90.23 141.44 95.74 
  24 99.47 211.46 95.74 
  25 90.89 107.08 99.47 
  26 88.57 125.30 99.47 
  27 98.23 175.69 99.47 
  28 113.28 132.43 99.47 
  29 127.82 144.90 113.28 
  30 186.74 172.07 127.82 
  31 138.93 270.48 186.74 
  32 222.00 305.63 186.74 
  33 198.27 289.29 222.00 
  34 223.50 259.22 222.00 
  35 286.05 420.21 223.50 
  36 274.13 408.55 286.05 
  37 340.23 565.58 286.05 
  38 275.28 666.76 340.23 
  39 361.96 584.62 340.23 
  40 455.48 682.77 361.96 
  41 445.21 710.81 455.48 
  42 446.21 667.39 455.48 
  43 503.62 899.58 455.48 
  44 625.47 1220.31 503.62 
  45 552.61 1320.07 625.47 
  46 646.13 694.53 625.47 
  47 681.29 892.01 646.13 
  48 724.49 964.41 681.29 
  49 841.70 1101.08 724.49 
  50 887.97 911.13 841.70 
  51 939.99 1050.80 887.97 
  52 1152.12 1037.80 939.99 
  53 1006.25 1363.90 1152.12 
  54 1140.86 1172.67 1152.12 
  55 1192.39 1594.84 1152.12 
  56 1199.27 1335.26 1192.39 
  57 1289.99 1757.85 1199.27 
  58 1532.95 1725.31 1289.99 
  59 1426.74 2078.84 1532.95 
  60 1606.45 2075.44 1532.95 
  61 1687.94 2325.75 1606.45 
  62 1626.73 2383.78 1687.94 
  63 1857.89 1918.81 1687.94 
  64 1873.57 1882.66 1857.89 
  65 1903.48 1966.20 1873.57 
  66 2039.24 2074.50 1903.48 
  67 2267.22 2199.19 2039.24 
  68 2303.04 2150.62 2267.22 
  69 2278.06 2553.18 2303.04 
  70 2347.48 2313.88 2303.04 
  71 2349.74 2471.96 2347.48 
  72 2435.98 2549.44 2349.74 
  73 2445.92 2547.60 2435.98 
  74 2616.65 2310.08 2445.92 
  75 2641.38 2473.96 2616.65 
  76 2627.41 2683.76 2641.38 
  77 2823.57 2682.16 2641.38 
