Iter | Sampling Pol | Evaluation Pol | Best (Sampled) 
   0 76.60 72.26 -100000000.00 
   1 67.79 118.32 76.60 
   2 81.04 71.91 76.60 
   3 70.73 68.41 81.04 
   4 92.38 122.73 81.04 
   5 89.15 143.29 92.38 
   6 89.24 151.49 92.38 
   7 108.43 140.52 92.38 
   8 114.41 146.94 108.43 
   9 100.28 90.13 114.41 
  10 108.19 96.28 114.41 
  11 102.36 173.74 114.41 
  12 143.92 234.72 114.41 
  13 168.81 192.39 143.92 
  14 186.64 237.39 168.81 
  15 170.29 305.05 186.64 
  16 187.95 425.64 186.64 
  17 182.68 440.68 187.95 
  18 291.95 386.10 187.95 
  19 291.42 458.40 291.95 
  20 346.10 458.21 291.95 
  21 446.37 537.15 346.10 
  22 404.91 642.27 446.37 
  23 435.72 881.48 446.37 
  24 569.95 879.75 446.37 
  25 600.10 790.45 569.95 
  26 639.57 952.43 600.10 
  27 754.12 990.82 639.57 
  28 720.30 1142.52 754.12 
  29 917.17 908.13 754.12 
  30 881.87 1108.47 917.17 
  31 1010.17 1041.53 917.17 
  32 1142.41 1183.78 1010.17 
  33 1179.01 1312.86 1142.41 
  34 1311.93 1653.37 1179.01 
  35 1489.69 1685.81 1311.93 
  36 1545.94 1552.24 1489.69 
  37 1540.84 1996.90 1545.94 
  38 1702.07 1841.72 1545.94 
  39 1906.19 1892.28 1702.07 
  40 2089.67 1836.53 1906.19 
  41 1967.22 2246.98 2089.67 
  42 2160.83 1995.56 2089.67 
  43 2131.62 2147.55 2160.83 
  44 2341.40 2339.60 2160.83 
  45 2315.48 2308.66 2341.40 
  46 2441.88 2421.22 2341.40 
  47 2408.39 2615.81 2441.88 
  48 2419.02 2676.77 2441.88 
  49 2678.79 2708.66 2441.88 
  50 2652.22 2725.58 2678.79 
  51 2757.11 3076.13 2678.79 
  52 2845.32 3155.96 2757.11 
  53 3012.17 3326.87 2845.32 
  54 2933.25 3145.59 3012.17 
  55 3002.35 3633.32 3012.17 
  56 2940.41 3500.02 3012.17 
  57 3091.72 3432.55 3012.17 
  58 3115.65 3275.07 3091.72 
  59 3128.06 3500.21 3115.65 
  60 3234.20 3438.83 3128.06 
  61 3214.03 3649.98 3234.20 
  62 3344.66 3792.19 3234.20 
  63 3366.29 3726.10 3344.66 
  64 3359.04 3526.82 3366.29 
  65 3372.48 3617.31 3366.29 
  66 3449.91 3818.23 3372.48 
  67 3499.35 3745.54 3449.91 
  68 3479.53 3787.41 3499.35 
  69 3327.15 3714.69 3499.35 
  70 3578.86 3743.12 3499.35 
  71 3597.73 3760.89 3578.86 
  72 3474.75 3873.16 3597.73 
  73 3475.53 3706.00 3597.73 
  74 3537.32 3840.99 3597.73 
  75 3591.28 3739.28 3597.73 
  76 3510.91 3641.17 3597.73 
  77 3706.10 3549.41 3597.73 
  78 3760.99 3800.38 3706.10 
  79 3448.15 3954.91 3760.99 
  80 3733.95 3922.95 3760.99 
  81 3698.81 3806.43 3760.99 
  82 3675.52 3957.21 3760.99 
  83 3676.59 3803.92 3760.99 
  84 3769.61 3915.24 3760.99 
  85 3724.85 3893.47 3769.61 
  86 3795.12 3834.31 3769.61 
  87 3814.08 3743.82 3795.12 
  88 3805.78 4028.35 3814.08 
  89 3784.93 4067.33 3814.08 
  90 3797.64 4083.66 3814.08 
  91 3828.20 4046.52 3814.08 
  92 3845.07 4081.08 3828.20 
  93 3837.43 4072.47 3845.07 
  94 3844.80 4017.16 3845.07 
  95 3889.98 4027.57 3845.07 
  96 3873.40 4101.18 3889.98 
  97 3866.35 3975.55 3889.98 
  98 3900.68 3979.93 3889.98 
  99 3939.72 4113.62 3900.68 
