Iter | Sampling Pol | Evaluation Pol | Best (Sampled) 
   0 -2.25 -4.64 -100000000.00 
   1 -2.13 -4.40 -2.25 
   2 -2.00 -3.91 -2.13 
   3 -2.10 -1.91 -2.00 
   4  0.48 -0.30 -2.00 
   5 -0.41  2.56  0.48 
   6  3.12  6.10  0.48 
   7  1.11  6.86  3.12 
   8  4.96  4.83  3.12 
   9 -1.18 11.05  4.96 
  10  9.43 12.10  4.96 
  11  4.51 14.84  9.43 
  12  4.44 21.75  9.43 
  13  8.89 18.43  9.43 
  14  9.73 26.69  9.43 
  15 10.53 36.29  9.73 
  16 10.70 11.12 10.53 
  17  8.21 25.11 10.70 
  18  9.16 59.59 10.70 
  19  6.53 13.63 10.70 
  20 13.78 26.45 10.70 
  21 28.24 67.01 13.78 
  22 29.69 21.20 28.24 
  23 24.11 45.00 29.69 
  24 21.45 37.26 29.69 
  25 38.42 39.20 29.69 
  26 34.55 17.20 38.42 
  27 46.38 70.24 38.42 
  28 40.02 120.54 46.38 
  29 48.09 41.11 46.38 
  30 53.80 71.77 48.09 
  31 47.77 83.91 53.80 
  32 70.10 60.84 53.80 
  33 63.48 105.87 70.10 
  34 84.97 163.22 70.10 
  35 69.58 100.64 84.97 
  36 98.05 105.37 84.97 
  37 138.77 90.79 98.05 
  38 133.89 70.17 138.77 
  39 137.57 85.53 138.77 
  40 194.71 98.40 138.77 
  41 182.61 100.70 194.71 
  42 171.44 271.25 194.71 
  43 164.29 351.23 194.71 
  44 236.94 292.51 194.71 
  45 272.12 424.15 236.94 
  46 352.81 626.61 272.12 
  47 411.53 613.31 352.81 
  48 425.54 783.09 411.53 
  49 513.25 837.58 425.54 
  50 607.79 630.09 513.25 
  51 624.62 766.70 607.79 
  52 752.21 976.28 624.62 
  53 815.98 951.27 752.21 
  54 896.96 992.67 815.98 
  55 971.14 1223.36 896.96 
  56 984.61 1035.01 971.14 
  57 1129.30 1348.38 984.61 
  58 1245.53 1532.88 1129.30 
  59 1218.07 1513.74 1245.53 
  60 1352.42 1473.40 1245.53 
  61 1481.72 1717.19 1352.42 
  62 1546.60 1490.11 1481.72 
  63 1582.70 1538.85 1546.60 
  64 1867.75 1385.69 1582.70 
  65 1745.43 1691.95 1867.75 
  66 2052.32 1899.01 1867.75 
  67 2054.53 2048.10 2052.32 
  68 2085.86 2010.15 2054.53 
  69 2054.13 2075.45 2085.86 
  70 2238.60 2220.00 2085.86 
  71 2410.38 2347.27 2238.60 
  72 2249.02 2170.37 2410.38 
  73 2472.76 2193.27 2410.38 
  74 2686.87 2510.72 2472.76 
  75 2547.76 2715.89 2686.87 
  76 2606.49 2721.32 2686.87 
  77 2848.84 2984.94 2686.87 
  78 3075.54 2622.31 2848.84 
  79 2719.25 2713.96 3075.54 
  80 2950.02 2637.18 3075.54 
  81 3042.76 2603.86 3075.54 
  82 2951.30 2771.99 3075.54 
  83 2880.24 3133.40 3075.54 
  84 3066.08 2716.05 3075.54 
  85 3304.85 3070.57 3075.54 
  86 3176.61 3001.23 3304.85 
  87 3364.26 3216.76 3304.85 
  88 3334.52 3074.52 3364.26 
  89 3554.56 3232.34 3364.26 
  90 3528.42 3169.86 3554.56 
  91 3518.14 2938.45 3554.56 
  92 3462.58 3229.00 3554.56 
  93 3471.38 3102.18 3554.56 
  94 3477.91 3188.52 3554.56 
  95 3466.85 3326.19 3554.56 
  96 3592.10 3321.29 3554.56 
  97 3635.05 3308.49 3592.10 
  98 3669.14 3326.27 3635.05 
  99 3587.64 3609.09 3669.14 
 100 3530.93 3559.30 3669.14 
 101 3658.55 3555.99 3669.14 
 102 3685.29 3488.91 3669.14 
 103 3656.07 3567.82 3685.29 
 104 3800.12 3663.50 3685.29 
 105 3733.09 3710.21 3800.12 
 106 3621.25 3769.95 3800.12 
 107 3746.69 3762.63 3800.12 
 108 3884.86 3844.73 3800.12 
 109 3750.28 3855.01 3884.86 
 110 3680.45 3624.72 3884.86 
 111 3925.19 3642.52 3884.86 
 112 3875.33 3488.98 3925.19 
 113 3879.07 3509.22 3925.19 
 114 3829.45 3543.77 3925.19 
 115 3850.97 3506.16 3925.19 
 116 3841.89 3601.17 3925.19 
 117 3966.77 3605.73 3925.19 
 118 3901.29 3557.70 3966.77 
 119 3964.35 3867.69 3966.77 
 120 3802.26 3781.80 3966.77 
 121 3928.80 3931.59 3966.77 
 122 3864.26 3830.10 3966.77 
 123 3880.41 3982.08 3966.77 
 124 3944.33 4069.02 3966.77 
 125 3943.13 3973.23 3966.77 
 126 4102.89 3993.32 3966.77 
 127 4020.99 3959.92 4102.89 
 128 4028.32 3859.83 4102.89 
 129 3946.87 3830.88 4102.89 
 130 3988.47 3892.98 4102.89 
 131 3966.35 3824.93 4102.89 
 132 4045.27 3463.68 4102.89 
 133 3972.92 3814.57 4102.89 
 134 4020.77 4010.63 4102.89 
 135 4106.92 3721.78 4102.89 
 136 3955.65 3852.07 4106.92 
 137 4197.68 4020.62 4106.92 
 138 3916.05 3927.62 4197.68 
 139 4089.17 4234.00 4197.68 
 140 4127.03 4123.92 4197.68 
 141 4060.00 4234.21 4197.68 
 142 4075.51 4011.77 4197.68 
 143 4058.40 4091.61 4197.68 
 144 4140.93 4048.49 4197.68 
 145 4123.30 4101.31 4197.68 
 146 4138.43 4018.44 4197.68 
 147 4159.05 4059.04 4197.68 
 148 4168.73 4131.30 4197.68 
 149 4122.71 4166.67 4197.68 
 150 4165.86 4076.82 4197.68 
 151 4075.79 4248.94 4197.68 
 152 4156.20 4121.47 4197.68 
 153 4123.99 4076.71 4197.68 
 154 4118.32 4004.73 4197.68 
 155 4122.41 4235.19 4197.68 
 156 4228.54 4338.69 4197.68 
 157 4193.39 4202.04 4228.54 
 158 4132.17 4387.37 4228.54 
 159 4262.58 4376.18 4228.54 
 160 4299.13 4372.12 4262.58 
 161 4199.39 4379.89 4299.13 
 162 4050.67 4258.95 4299.13 
 163 4210.70 4056.79 4299.13 
 164 4254.07 4060.96 4299.13 
 165 4278.48 4258.03 4299.13 
 166 4328.86 4360.38 4299.13 
 167 4281.60 4245.24 4328.86 
 168 4203.06 4257.47 4328.86 
 169 4149.79 4091.85 4328.86 
 170 4260.88 4338.42 4328.86 
 171 4171.04 4353.67 4328.86 
 172 4249.36 4368.19 4328.86 
 173 4334.08 4390.74 4328.86 
 174 4317.93 4276.86 4334.08 
 175 4247.40 4286.30 4334.08 
 176 4361.93 4399.61 4334.08 
 177 4324.32 4490.31 4361.93 
 178 4268.70 4431.88 4361.93 
 179 4332.43 4365.32 4361.93 
 180 4276.71 4365.99 4361.93 
 181 4296.86 4315.90 4361.93 
 182 4301.28 4425.31 4361.93 
 183 4378.15 4425.01 4361.93 
 184 4256.62 4428.79 4378.15 
 185 4265.65 4432.77 4378.15 
 186 4309.62 4356.98 4378.15 
 187 4396.27 4344.77 4378.15 
 188 4318.87 4181.75 4396.27 
 189 4361.91 4008.54 4396.27 
 190 4385.86 4203.17 4396.27 
 191 4353.49 4191.39 4396.27 
 192 4376.08 3840.67 4396.27 
 193 4414.33 4225.87 4396.27 
 194 4304.54 4228.47 4414.33 
 195 4423.92 4135.21 4414.33 
 196 4407.57 4222.53 4423.92 
 197 4378.08 4200.09 4423.92 
 198 4412.84 4314.14 4423.92 
 199 4445.88 4374.04 4423.92 
 176 4356.24 4374.59 -100000000.00 
 177 4300.69 4378.88 4356.24 
 178 4249.81 4302.85 4356.24 
 179 4196.25 4368.73 4356.24 
 180 4265.39 4374.13 4356.24 
 181 4266.96 4426.14 4356.24 
 182 4296.48 4381.57 4356.24 
 183 4146.38 4351.26 4356.24 
 184 4206.13 4494.12 4356.24 
 185 4249.56 4358.39 4356.24 
 186 4185.91 4060.34 4356.24 
 187 4096.95 3931.75 4356.24 
 188 4192.75 4006.54 4356.24 
 189 4146.71 4024.08 4356.24 
 190 4273.58 4217.48 4356.24 
 191 4251.94 4202.09 4356.24 
 192 4207.93 4234.50 4356.24 
 193 4333.46 4446.46 4356.24 
 194 4297.88 4309.69 4356.24 
 195 4229.47 4309.04 4356.24 
 196 4266.51 4356.43 4356.24 
 197 4268.63 4261.91 4356.24 
 198 4285.19 4431.06 4356.24 
 199 4350.24 4407.74 4356.24 
 200 4377.27 4142.88 4356.24 
 201 4235.64 4439.09 4377.27 
 202 4359.08 4473.45 4377.27 
 203 4330.39 4371.65 4377.27 
 204 4302.95 4327.34 4377.27 
 205 4306.23 4376.79 4377.27 
 206 4402.86 4360.35 4377.27 
 207 4328.56 4418.57 4402.86 
 208 4417.07 4480.31 4402.86 
 209 4377.59 4376.31 4417.07 
 210 4354.04 4523.08 4417.07 
 211 4475.15 4473.85 4417.07 
 212 4328.17 4444.83 4475.15 
 213 4395.06 4408.38 4475.15 
 214 4450.35 4217.98 4475.15 
 215 4440.09 4437.25 4475.15 
 216 4407.42 4483.94 4475.15 
 217 4498.73 4434.35 4475.15 
 218 4453.09 4561.34 4498.73 
 219 4469.75 4645.74 4498.73 
 220 4491.69 4455.29 4498.73 
 221 4380.47 4596.79 4498.73 
 222 4495.10 4102.42 4498.73 
 223 4406.19 4228.06 4498.73 
 224 4570.15 4454.15 4498.73 
 225 4472.18 4649.54 4570.15 
 226 4547.83 4653.19 4570.15 
 227 4466.45 4685.07 4570.15 
 228 4511.75 4603.12 4570.15 
 229 4477.55 4559.93 4570.15 
 230 4454.13 4620.49 4570.15 
 231 4593.08 4240.39 4570.15 
 232 4456.37 4378.94 4593.08 
 233 4568.98 4484.42 4593.08 
 234 4492.95 4269.77 4593.08 
 235 4566.51 4203.30 4593.08 
 236 4457.64 4508.30 4593.08 
 237 4532.98 4650.36 4593.08 
 238 4527.46 4612.08 4593.08 
 239 4477.42 4543.04 4593.08 
 240 4530.69 4694.63 4593.08 
 241 4523.47 4450.71 4593.08 
 242 4557.98 4563.00 4593.08 
 243 4605.92 4622.93 4593.08 
 244 4564.82 4732.68 4605.92 
 245 4564.12 4733.08 4605.92 
 246 4581.12 4730.09 4605.92 
 247 4617.03 4500.80 4605.92 
 248 4541.96 4715.40 4617.03 
 249 4632.59 4689.26 4617.03 
 250 4521.41 4727.96 4632.59 
 251 4567.88 4489.60 4632.59 
 252 4552.32 4465.45 4632.59 
 253 4689.62 4665.70 4632.59 
 254 4688.12 4782.26 4689.62 
 255 4653.49 4765.30 4689.62 
 256 4651.30 4723.77 4689.62 
 257 4664.17 4722.63 4689.62 
 258 4668.26 4737.05 4689.62 
 259 4507.16 4727.42 4689.62 
 260 4658.96 4597.75 4689.62 
 261 4602.27 4573.27 4689.62 
 262 4591.04 4591.62 4689.62 
 263 4655.42 4796.98 4689.62 
 264 4658.48 4793.12 4689.62 
 265 4654.51 4691.80 4689.62 
 266 4683.38 4570.63 4689.62 
 267 4676.08 4813.94 4689.62 
 268 4652.89 4763.49 4689.62 
 269 4729.96 4791.53 4689.62 
 270 4680.87 4721.10 4729.96 
 271 4686.13 4848.46 4729.96 
 272 4675.64 4742.99 4729.96 
 273 4687.38 4844.69 4729.96 
 274 4721.80 4831.20 4729.96 
 275 4617.98 4845.49 4729.96 
 276 4714.54 4890.79 4729.96 
 277 4715.51 4858.76 4729.96 
 278 4690.32 4845.47 4729.96 
 279 4737.58 4867.97 4729.96 
 280 4755.41 4856.50 4737.58 
 281 4620.35 4856.87 4755.41 
 282 4669.57 4797.89 4755.41 
 283 4685.46 4862.15 4755.41 
 284 4634.72 4852.97 4755.41 
 285 4713.82 4856.05 4755.41 
 286 4692.76 4824.01 4755.41 
 287 4760.54 4883.45 4755.41 
 288 4700.79 4792.47 4760.54 
 289 4690.74 4864.34 4760.54 
 290 4774.71 4586.94 4760.54 
 291 4805.28 4836.32 4774.71 
 292 4687.91 4858.13 4805.28 
 293 4692.05 4877.34 4805.28 
 294 4776.42 4893.53 4805.28 
 295 4710.78 4863.40 4805.28 
 296 4734.61 4855.56 4805.28 
 297 4778.68 4769.87 4805.28 
 298 4737.35 4777.44 4805.28 
 299 4796.71 4739.38 4805.28 
 300 4846.31 4853.42 4805.28 
 301 4791.23 4880.15 4846.31 
 302 4877.52 4860.42 4846.31 
 303 4818.43 4749.85 4877.52 
 304 4856.88 4870.13 4877.52 
 305 4810.56 4901.16 4877.52 
 306 4826.78 4855.66 4877.52 
 307 4835.04 4889.52 4877.52 
 308 4935.26 4853.24 4877.52 
 309 4745.91 4791.52 4935.26 
 310 4766.02 4755.16 4935.26 
 311 4860.99 4622.11 4935.26 
 312 4711.16 4792.04 4935.26 
 313 4872.59 4833.35 4935.26 
 314 4779.70 4965.36 4935.26 
 315 4865.45 4826.35 4935.26 
 316 4767.63 4781.90 4935.26 
 317 4817.47 4827.21 4935.26 
 318 4886.60 4971.61 4935.26 
 319 4840.49 4958.96 4935.26 
 320 4844.13 4845.71 4935.26 
 321 4844.79 4965.74 4935.26 
 322 4884.39 4978.45 4935.26 
 323 4911.03 4955.31 4935.26 
 324 4923.47 4978.32 4935.26 
 325 4795.25 4878.25 4935.26 
 326 4867.02 4866.78 4935.26 
 327 4861.16 4974.65 4935.26 
 328 4921.34 4976.11 4935.26 
 329 4849.80 4787.41 4935.26 
 330 4889.40 4833.18 4935.26 
 331 4856.75 4899.86 4935.26 
 332 4881.70 4971.31 4935.26 
 333 4860.62 4942.07 4935.26 
 334 4872.49 4742.85 4935.26 
 335 4869.39 4839.31 4935.26 
 336 4877.83 4936.89 4935.26 
 337 4932.10 5002.88 4935.26 
 338 4922.75 4979.74 4935.26 
 339 4904.17 4973.77 4935.26 
 340 4875.30 5011.34 4935.26 
 341 4926.28 5024.87 4935.26 
 342 4960.11 5013.67 4935.26 
 343 4907.59 4989.48 4960.11 
 344 4892.96 4986.17 4960.11 
 345 4753.26 4970.50 4960.11 
 346 4902.81 4996.54 4960.11 
 347 4903.49 5009.67 4960.11 
 348 4941.50 5011.89 4960.11 
 349 4929.33 5014.04 4960.11 
 350 4966.05 5001.20 4960.11 
 351 4917.73 4967.68 4966.05 
 352 4898.62 4996.02 4966.05 
 353 4944.07 4984.39 4966.05 
 354 4926.00 4994.75 4966.05 
 355 4877.20 5021.24 4966.05 
 356 4923.31 5014.14 4966.05 
 357 4942.47 5018.04 4966.05 
 358 4927.95 5013.17 4966.05 
 359 4910.80 5015.98 4966.05 
 360 4918.14 5031.62 4966.05 
 361 4934.46 5038.87 4966.05 
 362 4921.78 5034.72 4966.05 
 363 4926.85 5014.15 4966.05 
 364 4945.77 5009.14 4966.05 
 365 4854.57 5017.63 4966.05 
 366 4908.28 4896.21 4966.05 
 367 4852.06 4860.58 4966.05 
 368 4907.08 4716.91 4966.05 
 369 4773.06 4843.55 4966.05 
 370 4838.62 4967.61 4966.05 
 371 4924.19 4963.29 4966.05 
 372 4922.62 4874.99 4966.05 
 373 4871.33 4898.53 4966.05 
 374 4951.25 4985.65 4966.05 
 375 4912.36 4993.71 4966.05 
 376 4949.54 4994.36 4966.05 
 377 4835.58 4994.09 4966.05 
 378 4906.48 5005.76 4966.05 
 379 4952.30 4999.97 4966.05 
 380 4927.40 4985.73 4966.05 
 381 4887.40 4929.90 4966.05 
 382 4977.14 5018.08 4966.05 
 383 4982.46 5048.83 4977.14 
 384 4980.55 5050.81 4982.46 
 385 4853.80 5045.50 4982.46 
 386 4906.82 5032.03 4982.46 
 387 5014.81 5035.26 4982.46 
 388 4970.03 4889.61 5014.81 
 389 4940.68 4996.15 5014.81 
 390 4953.88 5011.46 5014.81 
 391 4939.66 5001.07 5014.81 
 392 4893.83 4904.11 5014.81 
 393 4969.78 4900.12 5014.81 
 394 4985.61 5021.01 5014.81 
 395 5052.04 5039.45 5014.81 
 396 4997.83 5040.92 5052.04 
 397 4943.54 5051.48 5052.04 
 398 4999.20 5042.73 5052.04 
 399 4899.04 5043.87 5052.04 
 376 4890.97 4903.10 -100000000.00 
 377 4918.29 4897.43 4890.97 
 378 4936.58 4958.91 4918.29 
 379 4850.38 4962.34 4936.58 
 380 4882.20 4988.30 4936.58 
 381 4856.46 5013.34 4936.58 
 382 4903.63 4996.37 4936.58 
 383 4858.67 5003.91 4936.58 
 384 4866.35 5009.47 4936.58 
 385 4826.78 5011.34 4936.58 
 386 4779.86 5008.75 4936.58 
 387 4894.77 5000.20 4936.58 
 388 4791.97 4960.06 4936.58 
 389 4866.05 5013.30 4936.58 
 390 4904.81 5003.25 4936.58 
 391 4859.00 5001.41 4936.58 
 392 4827.02 5022.71 4936.58 
 393 4831.00 5014.82 4936.58 
 394 4860.03 5019.64 4936.58 
 395 4874.12 5030.98 4936.58 
 396 4853.66 4878.39 4936.58 
 397 4848.17 4947.99 4936.58 
 398 4851.33 4904.35 4936.58 
 399 4909.74 4929.58 4936.58 
 400 4855.81 4996.93 4936.58 
 401 4838.11 4933.51 4936.58 
 402 4843.48 5013.60 4936.58 
 403 4790.11 4998.66 4936.58 
 404 4772.84 4840.78 4936.58 
 405 4958.77 4990.46 4936.58 
 406 4957.34 4994.39 4958.77 
 407 4830.94 4987.53 4958.77 
 408 4875.55 5007.53 4958.77 
 409 4695.94 4966.14 4958.77 
 410 4851.48 4955.04 4958.77 
 411 4945.86 4974.29 4958.77 
 412 4761.54 4977.54 4958.77 
 413 4887.07 5002.31 4958.77 
 414 4846.78 4855.27 4958.77 
 415 4855.74 4880.29 4958.77 
 416 4860.31 4966.05 4958.77 
 417 4945.50 4894.62 4958.77 
 418 4812.97 4765.25 4958.77 
 419 4886.61 4937.17 4958.77 
 420 4772.27 4966.41 4958.77 
 421 4868.47 4981.83 4958.77 
 422 4935.46 5010.48 4958.77 
 423 4862.37 5031.30 4958.77 
 424 4976.80 5015.20 4958.77 
 425 5011.06 5057.36 4976.80 
 426 4900.65 5026.04 5011.06 
 427 4945.33 5041.96 5011.06 
 428 4826.56 5018.77 5011.06 
 429 4980.83 5010.24 5011.06 
 430 4953.01 4993.83 5011.06 
 431 4924.70 4967.14 5011.06 
 432 4997.81 4996.08 5011.06 
 433 4925.23 5016.04 5011.06 
 434 4925.22 5055.74 5011.06 
 435 4895.16 5060.78 5011.06 
 436 4979.31 5073.76 5011.06 
 437 4932.35 5022.39 5011.06 
 438 4968.14 5027.00 5011.06 
 439 4988.36 5045.70 5011.06 
 440 4963.68 5074.95 5011.06 
 441 5005.97 5078.05 5011.06 
 442 4974.09 5070.73 5011.06 
 443 5009.00 5089.58 5011.06 
 444 4845.88 5088.91 5011.06 
 445 4871.25 5054.59 5011.06 
 446 5007.01 5071.09 5011.06 
 447 5021.43 5050.84 5011.06 
 448 4894.26 5054.14 5021.43 
 449 4938.60 5077.58 5021.43 
 450 4879.66 5059.67 5021.43 
 451 4974.05 5076.56 5021.43 
 452 4896.82 5048.59 5021.43 
 453 4910.07 5060.68 5021.43 
 454 5011.29 5047.70 5021.43 
 455 4848.84 5041.44 5021.43 
 456 4992.29 5043.66 5021.43 
 457 4950.01 5033.71 5021.43 
 458 5021.35 5059.06 5021.43 
 459 4935.75 5037.48 5021.43 
 460 4994.88 5059.44 5021.43 
 461 4933.28 4950.14 5021.43 
 462 4943.30 4983.39 5021.43 
 463 5029.90 5090.25 5021.43 
 464 5042.50 5055.39 5029.90 
 465 4995.44 5076.84 5042.50 
 466 5055.72 5066.14 5042.50 
 467 5033.79 5051.16 5055.72 
 468 5000.15 5067.61 5055.72 
 469 5049.36 5079.84 5055.72 
 470 5069.22 5113.92 5055.72 
 471 5065.64 5087.87 5069.22 
 472 5045.09 5106.33 5069.22 
 473 5084.36 4998.15 5069.22 
 474 4969.43 5068.14 5084.36 
 475 5054.51 5114.99 5084.36 
 476 5068.23 5117.04 5084.36 
 477 5020.66 5116.32 5084.36 
 478 5045.75 5118.35 5084.36 
 479 4954.10 5120.69 5084.36 
 480 5086.27 5132.32 5084.36 
 481 5041.90 5122.05 5086.27 
 482 5077.18 5132.91 5086.27 
 483 4989.62 5125.53 5086.27 
 484 5074.84 5110.39 5086.27 
 485 5101.78 5115.31 5086.27 
 486 4992.50 5026.16 5101.78 
 487 5077.17 5137.88 5101.78 
 488 5069.69 5051.19 5101.78 
 489 4984.52 5134.67 5101.78 
 490 5073.20 5150.20 5101.78 
 491 5130.31 5145.91 5101.78 
 492 4969.39 5149.53 5130.31 
 493 5122.36 5136.35 5130.31 
 494 5076.55 5148.56 5130.31 
 495 5102.34 5140.62 5130.31 
 496 5029.59 5153.04 5130.31 
 497 5097.88 5052.55 5130.31 
 498 5072.18 5147.61 5130.31 
 499 5086.04 5153.95 5130.31 
 500 5098.72 5153.74 5130.31 
 501 5050.54 5151.50 5130.31 
 502 5007.23 5150.16 5130.31 
 503 5097.11 5158.48 5130.31 
 504 5092.07 5155.03 5130.31 
 505 4957.38 5141.59 5130.31 
 506 5012.61 5155.10 5130.31 
 507 5012.65 5148.49 5130.31 
 508 5026.78 5136.86 5130.31 
 509 5032.63 5144.31 5130.31 
 510 5026.52 5127.79 5130.31 
 511 5138.01 5138.28 5130.31 
 512 4967.06 5149.58 5138.01 
 513 5101.24 5146.31 5138.01 
 514 5051.05 5154.02 5138.01 
 515 5040.67 5149.23 5138.01 
 516 5036.91 5156.39 5138.01 
 517 5141.09 5151.64 5138.01 
 518 5073.56 5149.12 5141.09 
 519 5085.46 5165.57 5141.09 
 520 5125.17 5169.09 5141.09 
 521 5115.07 5158.33 5141.09 
 522 5092.47 5142.94 5141.09 
 523 5016.29 5135.46 5141.09 
 524 5014.55 5130.76 5141.09 
 525 5078.30 5121.86 5141.09 
 526 5089.69 5147.26 5141.09 
 527 5026.32 5132.20 5141.09 
 528 5031.05 5133.71 5141.09 
 529 5046.29 5158.57 5141.09 
 530 5040.64 5131.42 5141.09 
 531 5079.99 5155.28 5141.09 
 532 4890.92 5142.64 5141.09 
 533 5097.89 5131.13 5141.09 
 534 5066.99 5130.76 5141.09 
 535 5079.04 5132.20 5141.09 
 536 5091.52 5122.90 5141.09 
 537 5021.87 5145.00 5141.09 
 538 5075.83 5151.59 5141.09 
 539 5065.79 5157.87 5141.09 
 540 5021.01 5149.23 5141.09 
 541 5103.48 5167.67 5141.09 
 542 5033.29 5147.73 5141.09 
 543 5105.21 5167.83 5141.09 
 544 5119.13 5167.86 5141.09 
 545 5073.79 5167.57 5141.09 
 546 5086.09 5154.12 5141.09 
 547 5047.25 5168.60 5141.09 
 548 5156.08 5101.34 5141.09 
 549 5009.57 5121.58 5156.08 
 550 5165.70 5167.88 5156.08 
 551 5142.04 5197.94 5165.70 
 552 5135.78 5166.43 5165.70 
 553 5126.44 5195.40 5165.70 
 554 5066.22 5166.08 5165.70 
 555 5096.28 5184.42 5165.70 
 556 4993.83 5195.46 5165.70 
 557 5100.81 5191.03 5165.70 
 558 5093.22 5184.67 5165.70 
 559 5141.46 5179.32 5165.70 
 560 5158.03 5196.16 5165.70 
 561 5138.52 5197.88 5165.70 
 562 5080.62 5203.47 5165.70 
 563 5165.44 5203.90 5165.70 
 564 5123.67 5197.89 5165.70 
 565 5121.10 5221.16 5165.70 
 566 5097.68 5219.07 5165.70 
 567 5157.65 5199.61 5165.70 
 568 5085.23 5213.62 5165.70 
 569 5082.70 5213.32 5165.70 
 570 5138.20 5081.34 5165.70 
 571 5104.50 5075.80 5165.70 
 572 5082.27 5093.42 5165.70 
 573 5074.06 5108.35 5165.70 
 574 5138.68 5077.81 5165.70 
 575 5126.86 5089.18 5165.70 
 576 5146.58 5214.94 5165.70 
 577 5171.10 5117.05 5165.70 
 578 5122.08 5218.10 5171.10 
 579 5160.63 5212.83 5171.10 
 580 5131.76 5208.20 5171.10 
 581 5194.89 5235.70 5171.10 
 582 5199.32 5231.47 5194.89 
 583 5135.74 5214.15 5199.32 
 584 5123.30 5230.76 5199.32 
 585 5092.21 5235.42 5199.32 
 586 5092.66 5236.87 5199.32 
 587 5050.34 5231.85 5199.32 
 588 5146.38 5200.58 5199.32 
 589 5112.52 5210.68 5199.32 
 590 5105.18 5217.78 5199.32 
 591 5080.16 5211.10 5199.32 
 592 5130.00 5211.60 5199.32 
 593 5157.19 5207.39 5199.32 
 594 5141.17 5212.95 5199.32 
 595 5155.27 5206.23 5199.32 
 596 5089.84 5024.96 5199.32 
 597 5132.45 5015.71 5199.32 
 598 5024.81 4942.07 5199.32 
 599 5008.41 5019.38 5199.32 
