Iter | Sampling Pol | Evaluation Pol | Best (Sampled) 
   0  3.46 -1.45 -100000000.00 
   1  3.92 -3.90  3.46 
   2  4.95 -2.77  3.92 
   3  3.55 -4.09  4.95 
   4  3.40 -4.04  4.95 
   5  4.89 -3.68  4.95 
   6  6.34 -4.07  4.95 
   7 14.87 -3.30  6.34 
   8 11.91 -2.39 14.87 
   9  7.94 12.19 14.87 
  10  8.81 -0.04 14.87 
  11 15.54  4.45 14.87 
  12 30.68 69.07 15.54 
  13 26.02 41.91 30.68 
  14 25.65 67.70 30.68 
  15 32.16 13.57 30.68 
  16 37.66 23.33 32.16 
  17 34.96 33.09 37.66 
  18 42.43 19.93 37.66 
  19 58.78 64.93 42.43 
  20 52.35 49.71 58.78 
  21 74.83 62.72 58.78 
  22 61.55 123.80 74.83 
  23 100.30 71.12 74.83 
  24 83.94 146.46 100.30 
  25 111.10 165.86 100.30 
  26 103.33 103.85 111.10 
  27 142.16 90.50 111.10 
  28 102.32 119.20 142.16 
  29 147.29 102.66 142.16 
  30 192.51 186.56 147.29 
  31 123.94 152.12 192.51 
  32 220.00 155.80 192.51 
  33 249.55 128.07 220.00 
  34 192.83 290.97 249.55 
  35 319.75 240.02 249.55 
  36 305.14 290.17 319.75 
  37 328.35 145.87 319.75 
  38 317.40 228.93 328.35 
  39 384.84 389.95 328.35 
  40 408.98 510.92 384.84 
  41 494.58 265.58 408.98 
  42 518.84 300.47 494.58 
  43 513.38 464.07 518.84 
  44 718.26 532.55 518.84 
  45 698.60 729.65 718.26 
  46 863.56 936.61 718.26 
  47 741.90 1095.53 863.56 
  48 874.03 1291.19 863.56 
  49 943.87 1446.75 874.03 
  50 974.53 1385.90 943.87 
  51 1081.92 1550.88 974.53 
  52 1191.39 1316.96 1081.92 
  53 1093.15 1391.66 1191.39 
  54 1366.11 1401.73 1191.39 
  55 1436.84 1470.93 1366.11 
  56 1408.66 1848.62 1436.84 
  57 1532.76 1837.26 1436.84 
  58 1725.03 2059.36 1532.76 
  59 1594.04 2439.79 1725.03 
  60 1707.88 2334.89 1725.03 
  61 1865.51 2298.55 1725.03 
  62 1870.00 2119.04 1865.51 
  63 1951.11 2350.07 1870.00 
  64 2019.26 2102.45 1951.11 
  65 2113.66 2495.04 2019.26 
  66 2104.73 2324.67 2113.66 
  67 2233.84 2366.25 2113.66 
  68 2344.00 2298.05 2233.84 
  69 2335.17 2442.13 2344.00 
  70 2487.26 2549.56 2344.00 
  71 2482.09 2958.12 2487.26 
  72 2537.57 3098.97 2487.26 
  73 2577.95 3145.41 2537.57 
  74 2679.94 2895.51 2577.95 
  75 2650.00 3125.03 2679.94 
  76 2652.77 2828.22 2679.94 
  77 2937.60 2949.69 2679.94 
  78 3061.12 2976.14 2937.60 
  79 2965.22 3217.67 3061.12 
  80 3046.86 3042.76 3061.12 
  81 3041.96 3055.57 3061.12 
  82 3099.25 3010.31 3061.12 
  83 3122.76 3254.04 3099.25 
  84 3035.28 3156.42 3122.76 
  85 3057.04 3214.60 3122.76 
  86 3127.78 3298.40 3122.76 
  87 3236.85 3362.22 3127.78 
  88 3339.43 3352.28 3236.85 
  89 3318.36 3258.24 3339.43 
  90 3327.98 3378.81 3339.43 
  91 3349.78 3339.08 3339.43 
  92 3461.20 3361.61 3349.78 
  93 3362.54 3573.31 3461.20 
  94 3420.24 3452.56 3461.20 
  95 3509.24 3459.39 3461.20 
  96 3483.06 3725.43 3509.24 
  97 3557.41 3716.04 3509.24 
  98 3428.03 3572.21 3557.41 
  99 3412.52 3780.80 3557.41 
