Iter | Sampling Pol | Evaluation Pol | Best (Sampled) 
   0 134.90 52.89 -100000000.00 
   1 119.33 71.99 134.90 
   2 115.27 87.51 134.90 
   3 99.22 114.56 134.90 
   4 143.33 87.83 134.90 
   5 138.36 137.84 143.33 
   6 179.70 158.83 143.33 
   7 151.04 172.78 179.70 
   8 177.73 270.08 179.70 
   9 212.66 193.61 179.70 
  10 211.12 262.67 212.66 
  11 246.31 382.25 212.66 
  12 243.06 363.31 246.31 
  13 311.93 433.57 246.31 
  14 363.37 514.52 311.93 
  15 340.94 451.25 363.37 
  16 380.93 518.31 363.37 
  17 372.93 460.07 380.93 
  18 443.38 480.03 380.93 
  19 441.02 638.62 443.38 
  20 537.84 688.86 443.38 
  21 595.05 792.13 537.84 
  22 657.61 785.12 595.05 
  23 679.19 1064.87 657.61 
  24 798.97 1078.66 679.19 
  25 824.70 1319.51 798.97 
  26 947.65 1345.99 824.70 
  27 887.08 1375.15 947.65 
  28 986.41 1513.86 947.65 
  29 1200.59 1571.47 986.41 
  30 1141.49 1763.77 1200.59 
  31 1122.53 1876.16 1200.59 
  32 1297.96 1949.49 1200.59 
  33 1334.29 1792.77 1297.96 
  34 1439.57 1830.44 1334.29 
  35 1566.83 1928.16 1439.57 
  36 1455.51 2227.11 1566.83 
  37 1563.40 2205.75 1566.83 
  38 1811.15 2251.87 1566.83 
  39 1714.83 2303.80 1811.15 
  40 1892.18 2257.32 1811.15 
  41 1936.19 2545.10 1892.18 
  42 1915.93 2318.05 1936.19 
  43 2107.60 2000.39 1936.19 
  44 2179.61 2297.35 2107.60 
  45 2113.96 2276.76 2179.61 
  46 2240.15 2316.74 2179.61 
  47 2283.21 2709.03 2240.15 
  48 2316.14 2527.48 2283.21 
  49 2419.48 2560.89 2316.14 
  50 2450.55 2781.19 2419.48 
  51 2492.46 2814.40 2450.55 
  52 2627.89 2975.88 2492.46 
  53 2716.56 2928.78 2627.89 
  54 2783.51 3007.50 2716.56 
  55 2846.03 2957.08 2783.51 
  56 2879.68 3178.89 2846.03 
  57 2953.78 3224.20 2879.68 
  58 2922.18 3035.77 2953.78 
  59 2949.64 3402.76 2953.78 
  60 3099.02 3281.52 2953.78 
  61 3197.25 3335.41 3099.02 
  62 3069.46 3473.46 3197.25 
  63 3210.27 3481.88 3197.25 
  64 3309.28 3426.72 3210.27 
  65 3297.92 3440.66 3309.28 
  66 3309.60 3484.94 3309.28 
  67 3316.66 3400.73 3309.60 
  68 3476.27 3434.69 3316.66 
  69 3254.14 3419.16 3476.27 
  70 3386.36 3394.63 3476.27 
  71 3417.51 3601.67 3476.27 
  72 3470.15 3512.27 3476.27 
  73 3396.87 3533.64 3476.27 
  74 3618.90 3560.24 3476.27 
  75 3555.92 3557.85 3618.90 
  76 3547.22 3453.75 3618.90 
  77 3674.71 3542.43 3618.90 
  78 3667.24 3658.50 3674.71 
  79 3472.98 3725.59 3674.71 
  80 3631.38 3633.49 3674.71 
  81 3657.62 3750.54 3674.71 
  82 3741.78 3549.19 3674.71 
  83 3692.01 3520.54 3741.78 
  84 3720.22 3663.16 3741.78 
  85 3593.23 3584.02 3741.78 
  86 3712.33 3702.74 3741.78 
  87 3730.45 3788.31 3741.78 
  88 3796.80 3686.02 3741.78 
  89 3829.18 3956.82 3796.80 
  90 3738.63 3929.02 3829.18 
  91 3851.52 3842.19 3829.18 
  92 3885.83 3812.73 3851.52 
  93 3873.57 3918.62 3885.83 
  94 3922.30 3953.12 3885.83 
  95 3895.84 3670.11 3922.30 
  96 3825.31 3886.25 3922.30 
  97 3935.68 3940.68 3922.30 
  98 3866.30 4005.36 3935.68 
  99 3883.05 4095.21 3935.68 
