Iter | Sampling Pol | Evaluation Pol | Best (Sampled) 
   0 -6.57 -3.64 -100000000.00 
   1 -7.36 -3.57 -6.57 
   2 -7.18 -3.81 -6.57 
   3 -7.53 -4.13 -6.57 
   4 -7.58 -3.94 -6.57 
   5 -6.81 -3.60 -6.57 
   6 -7.04 -3.59 -6.57 
   7 -7.45 -3.67 -6.57 
   8 -7.68 -3.71 -6.57 
   9 -6.15 -3.62 -6.57 
  10 -7.17 -3.90 -6.15 
  11 -6.62 -3.41 -6.15 
  12 -6.36 -3.91 -6.15 
  13 -6.10 -4.06 -6.15 
  14 -6.00 -3.68 -6.10 
  15 -6.44 -3.78 -6.00 
  16 -6.92 -3.90 -6.00 
  17 -5.96 -3.96 -6.00 
  18 -6.66 -3.96 -5.96 
  19 -7.64 -3.94 -5.96 
  20 -6.14 -4.17 -5.96 
  21 -7.99 -3.99 -5.96 
  22 -8.51 -4.59 -5.96 
  23 -5.57 -4.72 -5.96 
  24 -4.83 -4.97 -5.57 
  25 -6.83 -4.98 -4.83 
  26 -5.95 -4.95 -4.83 
  27 -5.33 -4.63 -4.83 
  28 -7.12 -4.89 -4.83 
  29 -6.17 -5.19 -4.83 
  30 -6.21 -4.92 -4.83 
  31 -6.87 -4.50 -4.83 
  32 -5.88 -4.25 -4.83 
  33 -6.25 -4.22 -4.83 
  34 -8.65 -4.19 -4.83 
  35 -6.95 -4.58 -4.83 
  36 -7.25 -4.31 -4.83 
  37 -6.58 -4.53 -4.83 
  38 -5.90 -4.91 -4.83 
  39 -5.34 -4.30 -4.83 
  40 -4.26 -4.23 -4.83 
  41 -6.25 -4.36 -4.26 
  42 -6.83 -4.36 -4.26 
  43 -6.51 -4.66 -4.26 
  44 -6.10 -4.47 -4.26 
  45 -5.95 -4.49 -4.26 
  46 -4.98 -3.76 -4.26 
  47 -5.53 -4.02 -4.26 
  48 -4.47 -4.09 -4.26 
  49 -5.88 -3.93 -4.26 
  50 -6.32 -3.36 -4.26 
  51 -8.07 -3.32 -4.26 
  52 -5.98 -3.32 -4.26 
  53 -5.34 -3.17 -4.26 
  54 -6.14 -3.36 -4.26 
  55 -6.39 -3.07 -4.26 
  56 -5.59 -3.37 -4.26 
  57 -5.64 -3.84 -4.26 
  58 -5.45 -3.88 -4.26 
  59 -5.48 -3.63 -4.26 
  60 -5.90 -3.69 -4.26 
  61 -5.01 -3.62 -4.26 
  62 -5.23 -3.45 -4.26 
  63 -4.40 -3.66 -4.26 
  64 -5.48 -3.27 -4.26 
  65 -4.86 -3.20 -4.26 
  66 -4.92 -3.06 -4.26 
  67 -5.38 -3.17 -4.26 
  68 -4.96 -3.35 -4.26 
  69 -5.92 -3.38 -4.26 
  70 -5.34 -3.23 -4.26 
  71 -3.00 -3.15 -4.26 
  72 -4.41 -2.84 -3.00 
  73 -5.45 -2.75 -3.00 
  74 -5.02 -2.69 -3.00 
  75 -4.68 -2.81 -3.00 
  76 -3.81 -2.84 -3.00 
  77 -4.48 -2.76 -3.00 
  78 -4.04 -2.80 -3.00 
  79 -3.49 -2.75 -3.00 
  80 -3.41 -2.70 -3.00 
  81 -4.93 -2.41 -3.00 
  82 -3.25 -2.40 -3.00 
  83 -4.51 -2.35 -3.00 
  84 -4.00 -2.56 -3.00 
  85 -3.19  0.17 -3.00 
  86 -3.90  0.54 -3.00 
  87 -4.53  2.02 -3.00 
  88 -3.39 -1.23 -3.00 
  89 -3.71 -0.97 -3.00 
  90 -4.92 -0.19 -3.00 
  91 -5.41 -1.87 -3.00 
  92 -3.91 -2.57 -3.00 
  93 -3.04 -0.89 -3.00 
  94 -3.79 -2.71 -3.00 
  95 -4.62 -2.81 -3.00 
  96 -3.71 -3.02 -3.00 
  97 -3.97 -2.27 -3.00 
  98 -4.84 -2.40 -3.00 
  99 -2.96 -2.75 -3.00 
 100 -4.61 -2.45 -2.96 
 101 -4.54 -2.94 -2.96 
 102 -4.48 -3.52 -2.96 
 103 -4.53 -3.18 -2.96 
 104 -4.15 -3.62 -2.96 
 105 -3.10 -3.04 -2.96 
 106 -2.76 -3.60 -2.96 
 107 -4.74 -3.18 -2.76 
 108 -4.89 -3.54 -2.76 
 109 -5.49 -3.50 -2.76 
 110 -2.09 -3.12 -2.76 
 111 -2.29 -2.32 -2.09 
 112 -1.57 -1.97 -2.09 
 113 -4.08 -2.01 -1.57 
 114 -3.74 -2.03 -1.57 
 115 -3.72 -2.23 -1.57 
 116 -0.54 -2.42 -1.57 
 117 -2.45 -2.45 -0.54 
 118 -4.56 -2.65 -0.54 
 119 -3.16 -2.63 -0.54 
 120 -2.87 -2.54 -0.54 
 121 -3.40 -2.47 -0.54 
 122 -3.06 -2.60 -0.54 
 123 -1.70 -2.76 -0.54 
 124 -3.12 -2.97 -0.54 
 125 -3.01 -2.87 -0.54 
 126 -1.67 -2.67 -0.54 
 127 -2.94 -2.56 -0.54 
 128 -1.94 -2.66 -0.54 
 129 -2.66 -2.64 -0.54 
 130 -1.98 -2.50 -0.54 
 131 -4.40 -2.57 -0.54 
 132 -3.71 -2.21 -0.54 
 133 -2.82 -2.23 -0.54 
 134 -2.90 -2.36 -0.54 
 135 -2.96 -2.20 -0.54 
 136 -3.18 -2.41 -0.54 
 137 -2.42 -2.50 -0.54 
 138 -1.69 -2.35 -0.54 
 139 -4.30 -2.22 -0.54 
 140 -3.25 -1.41 -0.54 
 141 -2.10 -2.13 -0.54 
 142 -1.04 -2.06 -0.54 
 143 -2.45 -2.16 -0.54 
 144 -3.22 -2.18 -0.54 
 145 -2.08 -2.14 -0.54 
 146 -1.50 -0.91 -0.54 
 147 -1.86 -1.45 -0.54 
 148 -2.70 -1.56 -0.54 
 149 -3.97 -2.40 -0.54 
 150 -2.17 -1.99 -0.54 
 151 -3.79 -2.15 -0.54 
 152 -3.14 -1.76 -0.54 
 153 -2.82 -2.25 -0.54 
 154  0.12 -1.70 -0.54 
 155 -2.16 -1.82  0.12 
 156 -3.57  0.09  0.12 
 157 -3.00  0.90  0.12 
 158 -4.81 -0.41  0.12 
 159 -2.62 -0.52  0.12 
 160 -1.73  0.33  0.12 
 161 -4.31  0.74  0.12 
 162 -3.33  0.97  0.12 
 163 -3.11 -0.29  0.12 
 164 -2.67 -0.50  0.12 
 165 -3.84 -0.74  0.12 
 166 -3.74 -0.34  0.12 
 167 -2.43  2.59  0.12 
 168 -3.54  0.09  0.12 
 169 -6.53  0.10  0.12 
 170 -3.37 -0.86  0.12 
 171 -1.76 -0.84  0.12 
 172 -3.53 -0.04  0.12 
 173 -3.75  0.17  0.12 
 174 -0.18 -1.24  0.12 
 175 -4.64 -1.28  0.12 
 176  1.14 -1.71  0.12 
 177 -2.51 -1.68  1.14 
 178 -2.19 -1.13  1.14 
 179 -1.86 -1.56  1.14 
 180 -5.04 -1.04  1.14 
 181 -2.07 -1.17  1.14 
 182 -2.39 -1.50  1.14 
 183 -0.79 -0.85  1.14 
 184 -1.53 -0.89  1.14 
 185 -1.39 -0.84  1.14 
 186 -3.86 -1.18  1.14 
 187 -1.62 -1.01  1.14 
 188 -3.10 -1.43  1.14 
 189 -2.37 -0.89  1.14 
 190 -1.10 -1.58  1.14 
 191 -1.22 -0.81  1.14 
 192 -1.29 -0.53  1.14 
 193 -2.37 -0.45  1.14 
 194 -2.70 -0.13  1.14 
 195 -2.77 -2.81  1.14 
 196 -2.62 -1.36  1.14 
 197 -3.77 -1.51  1.14 
 198 -0.85 -2.34  1.14 
 199 -2.23 -2.04  1.14 
 200 -0.44 -3.67  1.14 
 201 -0.48 -2.68  1.14 
 202 -2.32 -2.54  1.14 
 203 -2.17 -1.94  1.14 
 204 -0.76 -3.73  1.14 
 205 -1.44 -2.29  1.14 
 206 -1.57 -1.30  1.14 
 207 -3.13 -1.70  1.14 
 208 -0.32 -2.69  1.14 
 209 -2.54 -1.87  1.14 
 210 -2.47 -1.65  1.14 
 211 -2.28 -1.54  1.14 
 212 -2.63 -1.06  1.14 
 213 -1.82 -1.81  1.14 
 214 -2.93 -1.71  1.14 
 215 -3.19 -0.68  1.14 
 216 -1.64  0.32  1.14 
 217 -4.33  0.54  1.14 
 218 -2.81  0.24  1.14 
 219 -3.16  2.48  1.14 
 220 -4.20  3.86  1.14 
 221 -2.59  1.76  1.14 
 222 -2.22  2.24  1.14 
 223 -1.57  6.65  1.14 
 224 -0.70  1.59  1.14 
 225 -3.66  5.30  1.14 
 226 -2.42 10.03  1.14 
 227 -2.85  1.48  1.14 
 228 -0.22  1.97  1.14 
 229 -0.06  2.12  1.14 
 230 -3.38  1.60  1.14 
 231 -4.02 -0.45  1.14 
 232 -0.89  2.42  1.14 
 233 -2.33 -0.48  1.14 
 234 -3.44 -0.88  1.14 
 235 -1.48 -0.27  1.14 
 236 -0.75 -0.24  1.14 
 237 -2.71  0.38  1.14 
 238 -2.62 -0.64  1.14 
 239 -1.77  2.02  1.14 
 240 -3.21 -1.24  1.14 
 241 -1.96 -2.30  1.14 
 242  1.15  0.45  1.14 
 243 -1.63 -0.81  1.15 
 244 -1.07 -0.81  1.15 
 245 -1.44  1.23  1.15 
 246 -2.24  2.76  1.15 
 247 -0.04  1.76  1.15 
 248 -0.21  2.40  1.15 
 249 -0.95  2.44  1.15 
 250 -2.94  1.65  1.15 
 251 -0.05  1.04  1.15 
 252  0.14  2.54  1.15 
 253 -1.70  4.26  1.15 
 254 -0.57  0.34  1.15 
 255 -1.36  2.12  1.15 
 256  0.07  0.93  1.15 
 257  0.34  0.88  1.15 
 258  0.97  0.66  1.15 
 259 -1.42  1.56  1.15 
 260  0.71  0.34  1.15 
 261  0.53  2.78  1.15 
 262  1.16  1.97  1.15 
 263  0.15  3.32  1.16 
 264 -1.15  6.12  1.16 
 265 -1.33  9.00  1.16 
 266 -2.04  6.16  1.16 
 267  0.46  2.91  1.16 
 268 -0.54  0.77  1.16 
 269 -1.28  3.84  1.16 
 270 -1.55  4.10  1.16 
 271 -0.14  3.58  1.16 
 272  0.37  4.53  1.16 
 273  1.59  9.07  1.16 
 274  0.13  3.24  1.59 
 275 -1.41  1.86  1.59 
 276 -1.04  1.64  1.59 
 277  0.44  2.57  1.59 
 278  1.29  2.33  1.59 
 279 -2.06  3.55  1.59 
 280 -3.49  4.28  1.59 
 281  1.66 10.70  1.59 
 282  1.21  3.66  1.66 
 283  0.43  1.97  1.66 
 284 -1.43  2.61  1.66 
 285  2.32  8.07  1.66 
 286  0.80  2.58  2.32 
 287  0.34  2.43  2.32 
 288  5.85  6.57  2.32 
 289  0.69  7.47  5.85 
 290  3.18  6.20  5.85 
 291  2.25  9.40  5.85 
 292  0.80  4.14  5.85 
 293  1.42  5.51  5.85 
 294  0.93  9.97  5.85 
 295  2.09  6.56  5.85 
 296 -0.21  8.93  5.85 
 297  4.76  5.91  5.85 
 298  2.10  3.69  5.85 
 299  2.38 15.44  5.85 
 300  4.84 12.56  5.85 
 301  0.76 12.87  5.85 
 302  2.55 17.34  5.85 
 303  0.90 11.84  5.85 
 304  2.41 10.07  5.85 
 305  4.63 16.83  5.85 
 306  4.76  8.53  5.85 
 307  2.43 17.99  5.85 
 308  4.90  6.65  5.85 
 309  3.16 11.89  5.85 
 310  4.79 16.22  5.85 
 311  0.63 15.49  5.85 
 312  2.77 19.07  5.85 
 313  3.36  9.75  5.85 
 314  3.37 11.92  5.85 
 315  2.99 11.20  5.85 
 316  1.63 10.11  5.85 
 317  1.36  5.36  5.85 
 318  2.49 15.57  5.85 
 319  6.15 16.95  5.85 
 320  3.87  8.05  6.15 
 321  3.25 20.81  6.15 
 322  1.39 15.86  6.15 
 323  1.72 18.81  6.15 
 324  5.17 11.96  6.15 
 325  4.26 18.94  6.15 
 326  2.80  9.89  6.15 
 327  2.23 15.34  6.15 
 328  4.70 10.52  6.15 
 329  3.71 27.05  6.15 
 330  2.10 19.02  6.15 
 331  4.15 17.52  6.15 
 332  4.56 18.78  6.15 
 333  4.70 14.93  6.15 
 334  1.17 16.67  6.15 
 335  2.99 10.76  6.15 
 336  2.03 10.76  6.15 
 337  3.90 16.58  6.15 
 338  6.24 18.30  6.15 
 339 -0.90 15.19  6.24 
 340  5.66 13.49  6.24 
 341  4.25 14.56  6.24 
 342  7.09 12.16  6.24 
 343  6.85 11.38  7.09 
 344  3.61 18.45  7.09 
 345  2.70 26.35  7.09 
 346  3.48 13.64  7.09 
 347  6.77 16.04  7.09 
 348  4.98 11.66  7.09 
 349  4.07 20.47  7.09 
 350  7.41 13.38  7.09 
 351  4.66 14.83  7.41 
 352  5.38 14.26  7.41 
 353  7.18  9.32  7.41 
 354  2.77  6.59  7.41 
 355  8.74  1.39  7.41 
 356  5.14 10.60  8.74 
 357  3.96  7.78  8.74 
 358  9.00 14.96  8.74 
 359  6.37 15.31  9.00 
 360  9.58 15.27  9.00 
 361  6.61 10.75  9.58 
 362  7.94 15.95  9.58 
 363  6.02  7.59  9.58 
 364  7.74  5.14  9.58 
 365  8.38  5.34  9.58 
 366 12.36  7.27  9.58 
 367  8.07  8.71 12.36 
 368 11.13  6.14 12.36 
 369  8.05 10.17 12.36 
 370  9.65 22.11 12.36 
 371  8.61 10.21 12.36 
 372  9.98 21.56 12.36 
 373  9.02 11.72 12.36 
 374 12.67 13.46 12.36 
 375  9.65 16.45 12.67 
 376 11.12 17.99 12.67 
 377 10.07  7.83 12.67 
 378 13.60  8.27 12.67 
 379 10.59 14.04 13.60 
 380  9.36  7.68 13.60 
 381 11.99 10.12 13.60 
 382 16.08  7.60 13.60 
 383 12.12  8.88 16.08 
 384 10.96 10.41 16.08 
 385 13.86 17.85 16.08 
 386 11.28 14.34 16.08 
 387  7.88  8.03 16.08 
 388 11.78 14.94 16.08 
 389 12.64 11.85 16.08 
 390 12.37  9.83 16.08 
 391 15.04 11.39 16.08 
 392  7.56  8.90 16.08 
 393 12.95 11.76 16.08 
 394 13.97  9.20 16.08 
 395 13.95 25.82 16.08 
 396 12.40 10.01 16.08 
 397  9.39 14.49 16.08 
 398 11.52 10.20 16.08 
 399 16.20  9.81 16.08 
 400  8.99 12.22 16.20 
 401 15.50 12.97 16.20 
 402  9.56 10.30 16.20 
 403 14.48  9.73 16.20 
 404  8.40  6.29 16.20 
 405 13.10  8.26 16.20 
 406 13.09 10.34 16.20 
 407 12.83  6.77 16.20 
 408 14.57  6.39 16.20 
 409 12.96  5.36 16.20 
 410 13.74  7.51 16.20 
 411 18.03  7.18 16.20 
 412 11.43 12.97 18.03 
 413 15.61 12.69 18.03 
 414 17.23 17.39 18.03 
 415 15.31 22.11 18.03 
 416 16.35  8.88 18.03 
 417 14.09  7.88 18.03 
 418 15.23  8.62 18.03 
 419 16.43 12.34 18.03 
 420 15.94  7.95 18.03 
 421 14.85  8.82 18.03 
 422 11.60  7.21 18.03 
 423 14.44 12.10 18.03 
 424 17.20  4.61 18.03 
 425 17.05  7.83 18.03 
 426 14.94  9.10 18.03 
 427 20.25 11.95 18.03 
 428 17.24  9.59 20.25 
 429 18.36 11.01 20.25 
 430 13.69  7.81 20.25 
 431 12.54  6.39 20.25 
 432 19.59  7.65 20.25 
 433 16.85 13.58 20.25 
 434 13.21 12.70 20.25 
 435 17.68 10.85 20.25 
 436 14.72 11.86 20.25 
 437 14.53 14.05 20.25 
 438 15.21 15.22 20.25 
 439 17.35 14.40 20.25 
 440 12.88 23.27 20.25 
 441 13.23 12.86 20.25 
 442 17.47 13.43 20.25 
 443 19.33 18.79 20.25 
 444 13.35 14.66 20.25 
 445 15.00 15.08 20.25 
 446 15.06 15.31 20.25 
 447 11.44 12.14 20.25 
 448  8.65 26.43 20.25 
 449 16.07  4.98 20.25 
 450 19.30 10.07 20.25 
 451 20.23 16.48 20.25 
 452 11.89 21.13 20.25 
 453 11.89 14.88 20.25 
 454 17.75 15.76 20.25 
 455 13.65 11.52 20.25 
 456 14.22 10.66 20.25 
 457 20.43 11.38 20.25 
 458 17.38 11.62 20.43 
 459 12.34 14.65 20.43 
 460 22.56 17.92 20.43 
 461 17.36 26.01 22.56 
 462 21.86 23.74 22.56 
 463 16.58 28.28 22.56 
 464 16.43 15.66 22.56 
 465 16.73 28.64 22.56 
 466 18.74 13.62 22.56 
 467 17.15 14.64 22.56 
 468 20.86 14.26 22.56 
 469 20.13 13.23 22.56 
 470 17.38 13.47 22.56 
 471 22.78 38.43 22.56 
 472 16.04 39.24 22.78 
 473 19.70 29.02 22.78 
 474 13.40 14.84 22.78 
 475 15.98 38.75 22.78 
 476 13.80 20.81 22.78 
 477 17.08 31.77 22.78 
 478 16.38 39.56 22.78 
 479 16.15 21.94 22.78 
 480 18.23 16.89 22.78 
 481 13.89 27.97 22.78 
 482 12.88 22.25 22.78 
 483  9.78 14.52 22.78 
 484 18.11 14.59 22.78 
 485 16.56 17.93 22.78 
 486 18.49 15.45 22.78 
 487 17.53 18.88 22.78 
 488 16.54 23.51 22.78 
 489 15.74 20.43 22.78 
 490 20.74 15.12 22.78 
 491 16.77 11.82 22.78 
 492 16.93 29.74 22.78 
 493 16.97 16.86 22.78 
 494 17.33 28.03 22.78 
 495 18.25 15.62 22.78 
 496 18.96 14.66 22.78 
 497 16.26 18.05 22.78 
 498 16.79 17.36 22.78 
 499 21.20 32.07 22.78 
 500 19.52  8.34 22.78 
 501 21.54 17.98 22.78 
 502 15.31 14.22 22.78 
 503 19.12 23.08 22.78 
 504 16.61 16.61 22.78 
 505 17.41 18.42 22.78 
 506 15.12 15.94 22.78 
 507 16.00 12.57 22.78 
 508 19.07 18.83 22.78 
 509 18.42 16.64 22.78 
 510 22.59 15.64 22.78 
 511 16.90 15.12 22.78 
 512 17.82 18.20 22.78 
 513 19.48 19.74 22.78 
 514 17.22 15.26 22.78 
 515 15.08 19.86 22.78 
 516 14.05 33.16 22.78 
 517 18.21 24.75 22.78 
 518 22.46 17.22 22.78 
 519 18.48 27.87 22.78 
 520 22.55 22.55 22.78 
 521 19.40 21.23 22.78 
 522 25.77 17.94 22.78 
 523 19.63 16.81 25.77 
 524 21.16 21.50 25.77 
 525 22.07 17.30 25.77 
 526 17.46 24.36 25.77 
 527 21.01 23.36 25.77 
 528 22.52 18.39 25.77 
 529 15.51 27.20 25.77 
 530 21.16 25.59 25.77 
 531 15.90 41.89 25.77 
 532 22.46 20.68 25.77 
 533 23.86 26.58 25.77 
 534 21.13 18.50 25.77 
 535 23.67 20.55 25.77 
 536 21.38 27.57 25.77 
 537 20.98 21.35 25.77 
 538 19.20 24.51 25.77 
 539 23.73 24.30 25.77 
 540 18.00 25.66 25.77 
 541 21.12 27.00 25.77 
 542 18.81 16.03 25.77 
 543 15.16 23.17 25.77 
 544 18.18 24.69 25.77 
 545 22.45 29.96 25.77 
 546 20.32 44.24 25.77 
 547 24.58 18.24 25.77 
 548 23.11 19.30 25.77 
 549 20.16 29.93 25.77 
 550 17.76 26.76 25.77 
 551 22.04 26.42 25.77 
 552 20.05 17.99 25.77 
 553 18.05 17.00 25.77 
 554 23.37 19.03 25.77 
 555 19.50 25.78 25.77 
 556 16.45 16.99 25.77 
 557 28.15 17.41 25.77 
 558 20.70 15.70 28.15 
 559 19.46 15.25 28.15 
 560 24.30 17.14 28.15 
 561 24.36 14.00 28.15 
 562 21.10 14.92 28.15 
 563 17.17 17.76 28.15 
 564 21.18 20.85 28.15 
 565 18.92 19.90 28.15 
 566 23.34 19.28 28.15 
 567 20.14 17.63 28.15 
 568 25.20 11.84 28.15 
 569 24.88 15.70 28.15 
 570 19.28 25.63 28.15 
 571 26.01 43.23 28.15 
 572 17.58 22.56 28.15 
 573 26.21 14.29 28.15 
 574 20.59 19.02 28.15 
 575 27.32 30.68 28.15 
 576 21.44 14.03 28.15 
 577 19.26 26.07 28.15 
 578 21.96 25.66 28.15 
 579 22.66 23.26 28.15 
 580 22.70 20.54 28.15 
 581 20.43 33.76 28.15 
 582 20.92 32.64 28.15 
 583 20.74 38.73 28.15 
 584 18.60 29.90 28.15 
 585 23.73 46.83 28.15 
 586 27.60 28.73 28.15 
 587 26.48 20.18 28.15 
 588 23.53 16.80 28.15 
 589 22.56 21.30 28.15 
 590 21.42 30.63 28.15 
 591 22.52 24.29 28.15 
 592 23.98 41.19 28.15 
 593 23.24 38.49 28.15 
 594 33.97 21.47 28.15 
 595 22.19 36.35 33.97 
 596 23.57 24.17 33.97 
 597 23.98 22.67 33.97 
 598 25.69 22.57 33.97 
 599 22.08 28.72 33.97 
 576 22.82 46.88 -100000000.00 
 577 19.44 25.30 22.82 
 578 20.63 34.95 22.82 
 579 17.48 34.28 22.82 
 580 20.89 18.15 22.82 
 581 20.12 36.76 22.82 
 582 22.83 35.76 22.82 
 583 22.11 40.75 22.83 
 584 22.72 48.69 22.83 
 585 30.52 39.16 22.83 
 586 19.16 31.54 30.52 
 587 25.80 20.58 30.52 
 588 23.12 22.95 30.52 
 589 23.10 40.23 30.52 
 590 27.45 23.49 30.52 
 591 22.12 24.37 30.52 
 592 25.11 26.79 30.52 
 593 32.15 19.67 30.52 
 594 24.25 29.26 32.15 
 595 24.71 24.22 32.15 
 596 19.09 29.47 32.15 
 597 23.66 29.25 32.15 
 598 24.92 22.84 32.15 
 599 26.16 34.89 32.15 
 600 27.53 27.89 32.15 
 601 20.86 43.84 32.15 
 602 20.80 24.19 32.15 
 603 25.85 28.03 32.15 
 604 25.00 24.67 32.15 
 605 21.55 19.75 32.15 
 606 21.68 29.07 32.15 
 607 20.64 29.83 32.15 
 608 21.62 27.04 32.15 
 609 26.40 25.84 32.15 
 610 23.13 28.27 32.15 
 611 26.22 22.96 32.15 
 612 25.61 34.71 32.15 
 613 21.67 21.45 32.15 
 614 23.64 23.70 32.15 
 615 30.92 35.22 32.15 
 616 29.59 29.98 32.15 
 617 27.30 23.40 32.15 
 618 18.75 34.93 32.15 
 619 25.56 28.25 32.15 
 620 25.15 37.37 32.15 
 621 17.72 33.26 32.15 
 622 32.26 22.69 32.15 
 623 26.62 41.03 32.26 
 624 37.03 39.38 32.26 
 625 24.00 35.56 37.03 
 626 29.13 36.68 37.03 
 627 29.74 38.93 37.03 
 628 27.28 35.36 37.03 
 629 24.68 24.85 37.03 
 630 22.87 52.98 37.03 
 631 28.24 41.65 37.03 
 632 33.59 67.62 37.03 
 633 28.57 30.04 37.03 
 634 24.87 28.47 37.03 
 635 25.77 30.38 37.03 
 636 26.86 29.25 37.03 
 637 27.93 35.28 37.03 
 638 26.53 33.67 37.03 
 639 23.95 45.44 37.03 
 640 26.58 62.40 37.03 
 641 27.05 37.21 37.03 
 642 31.39 34.60 37.03 
 643 29.10 46.03 37.03 
 644 26.61 54.81 37.03 
 645 26.18 37.06 37.03 
 646 26.44 26.85 37.03 
 647 30.27 53.99 37.03 
 648 22.82 40.80 37.03 
 649 35.28 50.69 37.03 
 650 26.85 47.76 37.03 
 651 31.19 56.36 37.03 
 652 28.38 58.16 37.03 
 653 26.81 36.19 37.03 
 654 31.66 43.29 37.03 
 655 32.67 38.93 37.03 
 656 32.00 31.21 37.03 
 657 29.98 38.20 37.03 
 658 30.36 36.52 37.03 
 659 23.56 39.71 37.03 
 660 37.23 54.23 37.03 
 661 31.91 39.09 37.23 
 662 24.99 40.64 37.23 
 663 34.58 40.47 37.23 
 664 29.35 45.16 37.23 
 665 27.19 46.81 37.23 
 666 34.52 41.02 37.23 
 667 33.29 23.24 37.23 
 668 42.60 19.77 37.23 
 669 25.20 30.72 42.60 
 670 25.35 36.03 42.60 
 671 32.00 23.58 42.60 
 672 30.73 38.68 42.60 
 673 38.83 27.17 42.60 
 674 29.47 31.83 42.60 
 675 27.49 22.85 42.60 
 676 29.04 32.04 42.60 
 677 34.11 28.67 42.60 
 678 37.20 61.12 42.60 
 679 33.98 38.37 42.60 
 680 31.95 35.82 42.60 
 681 33.34 40.83 42.60 
 682 27.99 24.73 42.60 
 683 37.07 54.47 42.60 
 684 36.73 24.83 42.60 
 685 36.63 46.05 42.60 
 686 33.92 57.78 42.60 
 687 37.48 44.04 42.60 
 688 37.28 50.48 42.60 
 689 36.61 20.74 42.60 
 690 34.23 48.03 42.60 
 691 38.29 49.92 42.60 
 692 34.20 76.63 42.60 
 693 39.22 28.03 42.60 
 694 36.60 51.06 42.60 
 695 34.53 40.46 42.60 
 696 33.24 41.79 42.60 
 697 30.65 40.13 42.60 
 698 39.27 30.72 42.60 
 699 30.57 31.81 42.60 
 700 31.81 28.73 42.60 
 701 29.94 27.77 42.60 
 702 31.30 35.03 42.60 
 703 38.15 35.83 42.60 
 704 34.38 38.47 42.60 
 705 34.05 35.36 42.60 
 706 27.45 26.86 42.60 
 707 32.40 40.90 42.60 
 708 34.69 32.44 42.60 
 709 34.69 39.11 42.60 
 710 36.78 45.51 42.60 
 711 27.27 24.58 42.60 
 712 29.07 50.84 42.60 
 713 36.71 40.81 42.60 
 714 34.13 55.01 42.60 
 715 30.19 61.74 42.60 
 716 29.95 40.47 42.60 
 717 36.09 48.19 42.60 
 718 32.59 52.34 42.60 
 719 31.12 52.89 42.60 
 720 30.45 31.78 42.60 
 721 35.99 32.88 42.60 
 722 31.51 45.75 42.60 
 723 26.44 49.61 42.60 
 724 36.89 47.29 42.60 
 725 27.04 52.56 42.60 
 726 29.48 40.45 42.60 
 727 33.85 31.99 42.60 
 728 30.43 40.30 42.60 
 729 32.93 27.76 42.60 
 730 31.51 35.41 42.60 
 731 41.77 26.40 42.60 
 732 30.15 31.32 42.60 
 733 31.51 23.34 42.60 
 734 39.04 27.75 42.60 
 735 35.23 26.92 42.60 
 736 33.40 22.67 42.60 
 737 30.38 24.25 42.60 
 738 34.64 31.27 42.60 
 739 40.29 45.60 42.60 
 740 28.78 34.88 42.60 
 741 36.46 34.89 42.60 
 742 33.41 52.95 42.60 
 743 31.23 43.86 42.60 
 744 36.08 31.76 42.60 
 745 25.12 28.14 42.60 
 746 30.89 42.47 42.60 
 747 34.84 30.19 42.60 
 748 31.67 29.64 42.60 
 749 33.39 29.90 42.60 
 750 44.05 22.60 42.60 
 751 38.07 26.44 44.05 
 752 37.13 33.26 44.05 
 753 25.32 26.50 44.05 
 754 31.62 27.79 44.05 
 755 34.75 28.34 44.05 
 756 35.52 24.65 44.05 
 757 34.34 38.27 44.05 
 758 34.33 43.37 44.05 
 759 30.52 33.93 44.05 
 760 35.45 32.20 44.05 
 761 35.92 21.40 44.05 
 762 34.68 31.83 44.05 
 763 41.91 28.43 44.05 
 764 38.56 23.60 44.05 
 765 29.96 33.01 44.05 
 766 38.46 25.44 44.05 
 767 44.90 33.61 44.05 
 768 38.44 33.22 44.90 
 769 40.32 21.42 44.90 
 770 32.96 43.29 44.90 
 771 36.47 44.31 44.90 
 772 34.78 38.63 44.90 
 773 32.05 52.97 44.90 
 774 36.62 29.62 44.90 
 775 43.53 33.94 44.90 
 776 33.01 38.49 44.90 
 777 42.23 50.60 44.90 
 778 31.57 38.27 44.90 
 779 37.98 36.54 44.90 
 780 28.57 44.39 44.90 
 781 41.96 31.08 44.90 
 782 37.50 27.66 44.90 
 783 40.33 51.10 44.90 
 784 36.17 52.39 44.90 
 785 36.65 39.19 44.90 
 786 36.98 40.43 44.90 
 787 30.66 32.34 44.90 
 788 39.35 53.18 44.90 
 789 38.63 59.25 44.90 
 790 34.86 44.59 44.90 
 791 45.82 35.33 44.90 
 792 40.51 42.84 45.82 
 793 43.94 47.78 45.82 
 794 41.29 31.26 45.82 
 795 44.52 57.52 45.82 
 796 42.91 51.25 45.82 
 797 32.86 36.07 45.82 
 798 43.00 43.20 45.82 
 799 42.73 38.67 45.82 
 800 45.31 34.23 45.82 
 801 32.16 41.55 45.82 
 802 38.16 38.45 45.82 
 803 44.32 35.88 45.82 
 804 39.40 45.71 45.82 
 805 43.54 37.65 45.82 
 806 43.93 38.13 45.82 
 807 39.68 32.77 45.82 
 808 39.91 31.62 45.82 
 809 39.13 28.58 45.82 
 810 40.33 33.75 45.82 
 811 47.18 33.31 45.82 
 812 37.33 35.27 47.18 
 813 46.07 42.61 47.18 
 814 42.37 34.52 47.18 
 815 43.84 35.81 47.18 
 816 41.48 36.57 47.18 
 817 42.04 28.20 47.18 
 818 45.83 30.32 47.18 
 819 58.03 28.67 47.18 
 820 40.95 26.68 58.03 
 821 48.90 29.30 58.03 
 822 43.38 25.68 58.03 
 823 40.06 27.38 58.03 
 824 38.73 32.18 58.03 
 825 45.78 22.75 58.03 
 826 43.43 28.37 58.03 
 827 37.87 24.84 58.03 
 828 49.74 28.11 58.03 
 829 46.40 25.61 58.03 
 830 44.33 24.67 58.03 
 831 50.93 34.02 58.03 
 832 41.87 23.32 58.03 
 833 42.53 31.29 58.03 
 834 45.12 29.92 58.03 
 835 48.69 35.60 58.03 
 836 56.58 39.62 58.03 
 837 43.90 38.62 58.03 
 838 53.86 30.46 58.03 
 839 40.78 32.30 58.03 
 840 48.01 31.72 58.03 
 841 43.95 23.84 58.03 
 842 36.68 28.60 58.03 
 843 39.96 27.60 58.03 
 844 41.64 21.97 58.03 
 845 51.87 30.16 58.03 
 846 45.59 32.85 58.03 
 847 51.70 28.31 58.03 
 848 35.60 26.81 58.03 
 849 53.46 35.47 58.03 
 850 41.68 33.99 58.03 
 851 54.19 28.17 58.03 
 852 44.55 37.51 58.03 
 853 39.95 33.08 58.03 
 854 40.13 28.60 58.03 
 855 42.81 32.42 58.03 
 856 35.58 36.58 58.03 
 857 39.11 27.44 58.03 
 858 34.46 34.39 58.03 
 859 44.18 27.19 58.03 
 860 43.23 28.84 58.03 
 861 39.58 41.44 58.03 
 862 47.82 32.96 58.03 
 863 42.50 27.93 58.03 
 864 40.44 43.95 58.03 
 865 41.39 29.15 58.03 
 866 40.91 27.25 58.03 
 867 40.50 31.29 58.03 
 868 42.52 42.41 58.03 
 869 40.71 31.80 58.03 
 870 47.32 27.16 58.03 
 871 46.41 20.61 58.03 
 872 40.30 34.31 58.03 
 873 41.10 20.93 58.03 
 874 38.89 36.83 58.03 
 875 40.48 28.15 58.03 
 876 36.48 25.74 58.03 
 877 37.60 31.09 58.03 
 878 36.14 32.92 58.03 
 879 45.65 29.47 58.03 
 880 43.60 27.79 58.03 
 881 46.51 33.58 58.03 
 882 47.96 34.81 58.03 
 883 47.82 34.44 58.03 
 884 48.50 32.79 58.03 
 885 38.18 36.66 58.03 
 886 41.38 39.32 58.03 
 887 43.94 34.86 58.03 
 888 40.98 38.26 58.03 
 889 43.63 44.52 58.03 
 890 53.58 41.30 58.03 
 891 45.44 37.85 58.03 
 892 48.34 47.26 58.03 
 893 41.28 42.59 58.03 
 894 45.96 33.54 58.03 
 895 45.69 42.78 58.03 
 896 48.08 41.06 58.03 
 897 49.78 32.99 58.03 
 898 46.01 33.83 58.03 
 899 47.44 44.04 58.03 
 900 50.50 41.26 58.03 
 901 50.13 32.21 58.03 
 902 45.66 41.32 58.03 
 903 46.12 32.69 58.03 
 904 55.24 29.16 58.03 
 905 50.98 35.71 58.03 
 906 53.04 36.55 58.03 
 907 51.29 22.59 58.03 
 908 41.61 58.01 58.03 
 909 54.69 44.26 58.03 
 910 44.48 32.17 58.03 
 911 52.42 33.12 58.03 
 912 56.48 38.31 58.03 
 913 44.93 27.93 58.03 
 914 45.98 30.96 58.03 
 915 47.85 35.75 58.03 
 916 52.91 40.03 58.03 
 917 43.97 32.92 58.03 
 918 33.40 33.45 58.03 
 919 52.68 27.68 58.03 
 920 49.13 31.35 58.03 
 921 52.03 30.54 58.03 
 922 50.12 40.34 58.03 
 923 45.59 31.43 58.03 
 924 44.35 27.12 58.03 
 925 59.30 26.26 58.03 
 926 43.46 17.13 59.30 
 927 39.70 53.53 59.30 
 928 49.47 40.72 59.30 
 929 51.44 25.71 59.30 
 930 43.66 29.19 59.30 
 931 47.80 33.13 59.30 
 932 47.82 29.65 59.30 
 933 52.82 21.23 59.30 
 934 55.41 22.55 59.30 
 935 47.04 21.82 59.30 
 936 44.61 18.32 59.30 
 937 50.66 22.50 59.30 
 938 39.25 19.19 59.30 
 939 47.13 29.35 59.30 
 940 45.92 23.88 59.30 
 941 54.37 36.16 59.30 
 942 42.54 37.44 59.30 
 943 52.58 40.44 59.30 
 944 55.78 33.54 59.30 
 945 46.42 39.84 59.30 
 946 41.67 41.63 59.30 
 947 49.76 24.75 59.30 
 948 49.48 29.14 59.30 
 949 49.59 45.75 59.30 
 950 46.38 47.24 59.30 
 951 49.56 35.80 59.30 
 952 50.14 41.96 59.30 
 953 46.50 38.63 59.30 
 954 62.84 41.99 59.30 
 955 48.16 60.01 62.84 
 956 37.67 65.26 62.84 
 957 46.24 55.71 62.84 
 958 51.02 63.32 62.84 
 959 54.97 31.92 62.84 
 960 46.19 55.97 62.84 
 961 46.30 49.90 62.84 
 962 48.30 55.09 62.84 
 963 45.36 31.57 62.84 
 964 48.87 30.67 62.84 
 965 54.10 39.58 62.84 
 966 46.74 39.33 62.84 
 967 52.16 42.26 62.84 
 968 46.20 41.61 62.84 
 969 49.91 41.60 62.84 
 970 53.61 42.77 62.84 
 971 56.08 55.91 62.84 
 972 48.31 38.69 62.84 
 973 46.87 36.92 62.84 
 974 46.51 40.88 62.84 
 975 54.85 51.89 62.84 
 976 47.36 41.35 62.84 
 977 56.12 32.42 62.84 
 978 44.50 38.57 62.84 
 979 42.66 33.32 62.84 
 980 40.73 27.70 62.84 
 981 56.68 25.23 62.84 
 982 59.61 29.79 62.84 
 983 54.66 33.44 62.84 
 984 53.47 31.85 62.84 
 985 57.26 20.61 62.84 
 986 49.54 34.33 62.84 
 987 52.33 46.51 62.84 
 988 47.84 31.72 62.84 
 989 50.75 27.87 62.84 
 990 51.52 26.79 62.84 
 991 49.59 26.05 62.84 
 992 42.21 31.00 62.84 
 993 44.45 33.49 62.84 
 994 53.29 34.33 62.84 
 995 49.45 27.54 62.84 
 996 44.23 46.93 62.84 
 997 54.03 35.79 62.84 
 998 56.69 52.84 62.84 
 999 45.97 44.55 62.84 
