Iter | Sampling Pol | Evaluation Pol | Best (Sampled) 
   0 15.33 27.44 -100000000.00 
   1 12.50 34.72 15.33 
   2 29.19 27.82 15.33 
   3 20.60 38.07 29.19 
   4 26.60 42.12 29.19 
   5 19.73 39.10 29.19 
   6 23.07 39.93 29.19 
   7 27.18 52.62 29.19 
   8 31.37 52.35 29.19 
   9 38.29 58.68 31.37 
  10 34.49 66.46 38.29 
  11 32.42 71.01 38.29 
  12 41.55 76.39 38.29 
  13 46.20 87.25 41.55 
  14 54.43 94.04 46.20 
  15 57.28 79.15 54.43 
  16 57.36 61.29 57.28 
  17 58.20 77.16 57.36 
  18 66.14 95.90 58.20 
  19 67.60 83.54 66.14 
  20 76.26 102.86 67.60 
  21 88.06 94.85 76.26 
  22 88.38 62.33 88.06 
  23 99.19 98.95 88.38 
  24 99.34 106.44 99.19 
  25 93.47 70.18 99.34 
  26 106.69 84.21 99.34 
  27 115.04 100.81 106.69 
  28 143.90 145.48 115.04 
  29 146.51 91.07 143.90 
  30 169.10 174.47 146.51 
  31 159.60 93.39 169.10 
  32 216.08 205.32 169.10 
  33 208.03 164.49 216.08 
  34 193.40 127.57 216.08 
  35 261.09 292.35 216.08 
  36 286.82 341.16 261.09 
  37 376.72 354.62 286.82 
  38 402.67 451.76 376.72 
  39 427.77 505.29 402.67 
  40 516.90 476.28 427.77 
  41 580.77 692.11 516.90 
  42 696.04 700.83 580.77 
  43 630.34 405.72 696.04 
  44 781.39 580.19 696.04 
  45 764.14 863.87 781.39 
  46 850.64 701.23 781.39 
  47 876.07 991.04 850.64 
  48 1153.05 1042.33 876.07 
  49 1160.15 1278.99 1153.05 
  50 1150.48 1178.23 1160.15 
  51 1339.43 1361.97 1160.15 
  52 1383.28 1220.16 1339.43 
  53 1335.76 1803.79 1383.28 
  54 1617.33 1458.11 1383.28 
  55 1614.72 1665.85 1617.33 
  56 1611.14 1922.42 1617.33 
  57 1795.37 1881.13 1617.33 
  58 1980.69 1826.56 1795.37 
  59 1833.34 2060.13 1980.69 
  60 1959.11 2133.58 1980.69 
  61 2013.86 1672.47 1980.69 
  62 2013.81 1779.51 2013.86 
  63 2197.45 1927.65 2013.86 
  64 2325.10 2185.15 2197.45 
  65 2249.73 2153.17 2325.10 
  66 2381.40 2248.50 2325.10 
  67 2481.41 2437.21 2381.40 
  68 2662.60 2651.70 2481.41 
  69 2534.38 2694.05 2662.60 
  70 2744.45 2867.04 2662.60 
  71 2818.64 2976.74 2744.45 
  72 2731.44 3049.08 2818.64 
  73 2750.01 3046.00 2818.64 
  74 2938.54 3192.89 2818.64 
  75 3032.40 3167.07 2938.54 
  76 2962.45 3107.74 3032.40 
  77 3144.48 2974.99 3032.40 
  78 3217.33 3182.47 3144.48 
  79 3074.56 3195.72 3217.33 
  80 3308.69 3380.96 3217.33 
  81 3275.91 3367.19 3308.69 
  82 3177.23 3437.19 3308.69 
  83 3301.80 3446.93 3308.69 
  84 3334.53 3274.25 3308.69 
  85 3344.78 3336.83 3334.53 
  86 3446.26 3438.90 3344.78 
  87 3430.73 3433.04 3446.26 
  88 3442.99 3291.64 3446.26 
  89 3496.02 3374.93 3446.26 
  90 3573.92 3489.27 3496.02 
  91 3510.12 3264.86 3573.92 
  92 3559.47 3395.68 3573.92 
  93 3610.62 3487.41 3573.92 
  94 3574.18 3555.08 3610.62 
  95 3682.65 3580.06 3610.62 
  96 3475.17 3408.48 3682.65 
  97 3635.26 3478.86 3682.65 
  98 3506.84 3639.01 3682.65 
  99 3654.34 3554.80 3682.65 
