Iter | Sampling Pol | Evaluation Pol | Best (Sampled) 
   0 13.21 14.47 -100000000.00 
   1  9.43  6.85 13.21 
   2 17.29 12.41 13.21 
   3 21.69 18.14 17.29 
   4 20.75 20.28 21.69 
   5 23.55 15.34 21.69 
   6 34.68 32.09 23.55 
   7 30.16 41.31 34.68 
   8 35.83 39.24 34.68 
   9 52.84 57.66 35.83 
  10 40.87 57.70 52.84 
  11 43.73 54.41 52.84 
  12 64.26 47.66 52.84 
  13 60.12 59.05 64.26 
  14 60.71 63.61 64.26 
  15 60.84 127.46 64.26 
  16 68.11 134.20 64.26 
  17 85.65 111.55 68.11 
  18 83.86 113.70 85.65 
  19 80.28 126.92 85.65 
  20 94.87 161.01 85.65 
  21 88.05 181.44 94.87 
  22 96.35 176.41 94.87 
  23 111.19 132.57 96.35 
  24 135.30 149.09 111.19 
  25 109.83 229.83 135.30 
  26 131.81 210.76 135.30 
  27 179.00 225.95 135.30 
  28 177.42 210.44 179.00 
  29 176.71 199.88 179.00 
  30 193.16 248.97 179.00 
  31 255.34 380.16 193.16 
  32 283.10 388.55 255.34 
  33 291.17 513.45 283.10 
  34 286.76 520.33 291.17 
  35 391.88 606.61 291.17 
  36 417.54 659.96 391.88 
  37 429.98 835.29 417.54 
  38 377.29 1074.40 429.98 
  39 461.29 1030.34 429.98 
  40 521.57 1044.63 461.29 
  41 563.01 1128.24 521.57 
  42 670.49 1298.75 563.01 
  43 690.22 1229.97 670.49 
  44 730.03 1478.10 690.22 
  45 830.57 1409.11 730.03 
  46 960.86 1282.50 830.57 
  47 928.76 1552.84 960.86 
  48 1072.89 1537.17 960.86 
  49 1213.43 1779.70 1072.89 
  50 1305.70 2116.52 1213.43 
  51 1206.33 1609.73 1305.70 
  52 1331.22 1843.98 1305.70 
  53 1364.77 1668.94 1331.22 
  54 1546.76 1932.06 1364.77 
  55 1580.35 1920.38 1546.76 
  56 1564.68 2189.28 1580.35 
  57 1674.14 2325.03 1580.35 
  58 1885.92 2431.89 1674.14 
  59 1859.37 2494.24 1885.92 
  60 1968.01 2498.18 1885.92 
  61 2096.59 2509.20 1968.01 
  62 1907.22 2566.05 2096.59 
  63 2099.58 2486.98 2096.59 
  64 2200.57 2557.48 2099.58 
  65 2338.90 2720.89 2200.57 
  66 2308.84 2734.56 2338.90 
  67 2485.76 2874.51 2338.90 
  68 2550.92 3190.80 2485.76 
  69 2641.68 3244.99 2550.92 
  70 2731.56 3080.17 2641.68 
  71 2828.47 3157.55 2731.56 
  72 2661.87 3061.96 2828.47 
  73 2849.40 3285.35 2828.47 
  74 2963.89 3455.44 2849.40 
  75 2831.58 3533.88 2963.89 
  76 2858.76 3585.34 2963.89 
  77 3170.30 3664.90 2963.89 
  78 3273.22 3638.99 3170.30 
  79 3068.51 3537.74 3273.22 
  80 3165.98 3416.26 3273.22 
  81 3197.71 3717.21 3273.22 
  82 3249.70 3686.03 3273.22 
  83 3188.21 3600.58 3273.22 
  84 3348.45 3614.04 3273.22 
  85 3412.64 3498.90 3348.45 
  86 3466.35 3738.96 3412.64 
  87 3348.65 3490.93 3466.35 
  88 3440.17 3367.24 3466.35 
  89 3472.89 3650.34 3466.35 
  90 3465.45 3729.31 3472.89 
  91 3463.97 3904.64 3472.89 
  92 3564.69 3896.62 3472.89 
  93 3487.65 3582.55 3564.69 
  94 3391.87 3574.55 3564.69 
  95 3596.75 3506.15 3564.69 
  96 3549.83 3538.05 3596.75 
  97 3553.84 3716.16 3596.75 
  98 3564.98 3638.02 3596.75 
  99 3701.25 3404.07 3596.75 
 100 3679.66 3704.74 3701.25 
 101 3702.06 3609.28 3701.25 
 102 3715.99 3655.97 3702.06 
 103 3701.97 3674.60 3715.99 
 104 3834.32 3666.70 3715.99 
 105 3581.51 3669.54 3834.32 
 106 3717.77 3796.36 3834.32 
 107 3761.37 3739.16 3834.32 
 108 3728.50 3946.39 3834.32 
 109 3817.04 3887.17 3834.32 
 110 3843.05 3624.20 3834.32 
 111 3928.69 3854.57 3843.05 
 112 3897.16 3706.45 3928.69 
 113 3957.89 3797.52 3928.69 
 114 3884.70 3606.01 3957.89 
 115 4060.53 3673.66 3957.89 
 116 3873.75 3582.05 4060.53 
 117 3935.82 3571.76 4060.53 
 118 4077.62 3712.86 4060.53 
 119 4001.10 3634.60 4077.62 
 120 3885.25 3678.87 4077.62 
 121 3953.57 3612.41 4077.62 
 122 3991.10 3758.72 4077.62 
 123 3995.33 3628.79 4077.62 
 124 4016.53 3585.76 4077.62 
 125 4054.02 3592.78 4077.62 
 126 4061.73 3977.67 4077.62 
 127 4057.66 3973.72 4077.62 
 128 4162.48 3895.05 4077.62 
 129 4000.63 4045.73 4162.48 
 130 4017.88 4034.20 4162.48 
 131 4094.94 3848.93 4162.48 
 132 4102.13 3960.00 4162.48 
 133 4151.29 3792.65 4162.48 
 134 4078.19 4027.39 4162.48 
 135 4094.24 4057.38 4162.48 
 136 4018.35 3764.83 4162.48 
 137 4168.09 3971.67 4162.48 
 138 4164.41 4031.54 4168.09 
 139 3978.11 3806.69 4168.09 
 140 4074.06 3780.65 4168.09 
 141 4208.78 3740.94 4168.09 
 142 4158.43 3394.13 4208.78 
 143 4108.69 3663.75 4208.78 
 144 4212.76 3832.21 4208.78 
 145 4207.53 3797.94 4212.76 
 146 4294.25 3693.87 4212.76 
 147 4165.99 3651.62 4294.25 
 148 4228.88 3656.30 4294.25 
 149 4307.75 3656.05 4294.25 
