Iter | Sampling Pol | Evaluation Pol | Best (Sampled) 
   0 -2.25 -4.64 -100000000.00 
   1 -2.36 -4.40 -2.25 
   2 -2.49 -3.87 -2.25 
   3 -2.18 -2.18 -2.25 
   4  0.20  0.03 -2.18 
   5 -0.43  1.41  0.20 
   6 -0.04  3.85  0.20 
   7  1.30  1.10  0.20 
   8 -1.88  2.28  1.30 
   9 -2.15  0.56  1.30 
  10 -0.63  0.57  1.30 
  11  5.47 -2.02  1.30 
  12  2.83 -3.62  5.47 
  13  0.90 -3.85  5.47 
  14  4.15 -2.18  5.47 
  15  6.30 -2.56  5.47 
  16  5.73 -2.00  6.30 
  17  2.14 -2.95  6.30 
  18  8.21 -0.99  6.30 
  19  3.53  0.30  8.21 
  20 13.13 -0.48  8.21 
  21 19.58  5.26 13.13 
  22 28.01  2.94 19.58 
  23  8.06  2.85 28.01 
  24 33.20  2.17 28.01 
  25 14.45  6.53 33.20 
  26 20.75 46.95 33.20 
  27 45.59 29.54 33.20 
  28 11.75 38.75 45.59 
  29 25.03 43.69 45.59 
  30 21.50 49.85 45.59 
  31 30.51 27.61 45.59 
  32 48.91 43.58 45.59 
  33 18.96 26.66 48.91 
  34 40.11 17.32 48.91 
  35 36.77 15.55 48.91 
  36 31.87 31.82 48.91 
  37 50.87  9.60 48.91 
  38 50.55 84.71 50.87 
  39 55.17 115.77 50.87 
  40 93.27 83.32 55.17 
  41 84.39 63.75 93.27 
  42 78.25 46.36 93.27 
  43 80.41 46.96 93.27 
  44 123.46 103.56 93.27 
  45 92.62 158.95 123.46 
  46 149.11 97.80 123.46 
  47 97.90 194.91 149.11 
  48 151.14 210.15 149.11 
  49 123.26 286.67 151.14 
  50 155.35 320.78 151.14 
  51 183.27 360.80 155.35 
  52 217.52 312.91 183.27 
  53 191.63 331.41 217.52 
  54 267.26 417.19 217.52 
  55 274.44 450.51 267.26 
  56 245.12 477.19 274.44 
  57 307.82 480.82 274.44 
  58 369.99 497.89 307.82 
  59 392.74 576.92 369.99 
  60 424.56 591.72 392.74 
  61 489.65 758.31 424.56 
  62 467.33 912.57 489.65 
  63 538.74 1116.82 489.65 
  64 660.65 807.09 538.74 
  65 705.01 970.06 660.65 
  66 668.62 1029.91 705.01 
  67 857.14 1244.29 705.01 
  68 862.98 1007.56 857.14 
  69 815.72 1295.40 862.98 
  70 1039.66 1293.62 862.98 
  71 1095.17 1398.69 1039.66 
  72 1186.41 1425.99 1095.17 
  73 1242.29 1666.21 1186.41 
  74 1408.10 1516.50 1242.29 
  75 1425.03 1601.67 1408.10 
  76 1442.89 1355.99 1425.03 
  77 1521.11 1438.16 1442.89 
  78 1825.39 1700.95 1521.11 
  79 1699.93 1997.26 1825.39 
  80 1882.21 1821.45 1825.39 
  81 1815.23 1993.03 1882.21 
  82 1907.58 1926.59 1882.21 
  83 2081.97 2257.07 1907.58 
  84 2167.91 2513.40 2081.97 
  85 2007.09 2546.35 2167.91 
  86 2182.65 2442.01 2167.91 
  87 2463.36 2643.82 2182.65 
  88 2509.51 2512.94 2463.36 
  89 2463.35 2600.31 2509.51 
  90 2341.18 2341.58 2509.51 
  91 2662.52 2006.63 2509.51 
  92 2564.61 1969.20 2662.52 
  93 2638.04 2280.83 2662.52 
  94 2574.29 2369.48 2662.52 
  95 2730.64 2457.87 2662.52 
  96 2784.37 2705.49 2730.64 
  97 2777.82 2684.94 2784.37 
  98 2931.38 2456.33 2784.37 
  99 2813.22 2592.39 2931.38 
