Iter | Sampling Pol | Evaluation Pol | Best (Sampled) 
   0 22.81 54.78 -100000000.00 
   1 27.12 66.41 22.81 
   2 32.30 92.40 27.12 
   3 36.65 37.61 32.30 
   4 41.29 44.90 36.65 
   5 36.83 55.45 41.29 
   6 44.18 60.61 41.29 
   7 56.31 86.65 44.18 
   8 45.88 71.30 56.31 
   9 63.05 100.35 56.31 
  10 48.38 83.26 63.05 
  11 53.17 94.42 63.05 
  12 68.82 172.43 63.05 
  13 75.42 182.21 68.82 
  14 80.48 147.99 75.42 
  15 69.76 176.42 80.48 
  16 90.06 264.13 80.48 
  17 74.88 185.98 90.06 
  18 103.44 215.65 90.06 
  19 83.25 147.40 103.44 
  20 98.09 139.12 103.44 
  21 102.54 173.20 103.44 
  22 144.22 158.12 103.44 
  23 131.37 130.04 144.22 
  24 164.84 109.64 144.22 
  25 129.35 150.54 164.84 
  26 148.45 201.52 164.84 
  27 157.85 218.71 164.84 
  28 142.46 240.33 164.84 
  29 195.40 253.34 164.84 
  30 204.07 152.42 195.40 
  31 189.29 239.79 204.07 
  32 244.72 243.66 204.07 
  33 267.88 251.39 244.72 
  34 313.29 399.23 267.88 
  35 338.70 480.40 313.29 
  36 436.31 359.82 338.70 
  37 511.75 521.19 436.31 
  38 542.30 432.74 511.75 
  39 581.11 619.82 542.30 
  40 606.91 725.59 581.11 
  41 671.54 790.81 606.91 
  42 730.94 955.81 671.54 
  43 807.21 866.35 730.94 
  44 896.26 915.16 807.21 
  45 919.41 951.47 896.26 
  46 1020.56 1317.71 919.41 
  47 1009.39 1050.41 1020.56 
  48 1112.71 1242.08 1020.56 
  49 1233.68 1172.33 1112.71 
  50 1334.77 1357.76 1233.68 
  51 1419.35 1362.20 1334.77 
  52 1410.59 1634.48 1419.35 
  53 1596.60 1676.75 1419.35 
  54 1671.87 2099.92 1596.60 
  55 1710.72 2221.22 1671.87 
  56 1812.16 2191.57 1710.72 
  57 1919.39 2439.13 1812.16 
  58 2055.85 2365.48 1919.39 
  59 2037.40 2331.70 2055.85 
  60 2146.68 2164.35 2055.85 
  61 2146.54 2395.70 2146.68 
  62 2173.11 2127.75 2146.68 
  63 2361.91 2165.09 2173.11 
  64 2427.06 2257.77 2361.91 
  65 2340.67 2395.13 2427.06 
  66 2550.96 2371.95 2427.06 
  67 2570.92 2307.14 2550.96 
  68 2668.40 2241.90 2570.92 
  69 2585.44 2508.39 2668.40 
  70 2858.27 2449.24 2668.40 
  71 2806.43 2591.39 2858.27 
  72 2813.55 2509.63 2858.27 
  73 2805.43 2686.36 2858.27 
  74 3006.93 2647.27 2858.27 
  75 2845.43 2616.62 3006.93 
  76 2999.80 2908.69 3006.93 
  77 3151.42 2750.71 3006.93 
  78 3241.66 2930.46 3151.42 
  79 3005.58 3076.14 3241.66 
  80 3204.18 2920.62 3241.66 
  81 3099.74 2913.34 3241.66 
  82 3182.70 3122.81 3241.66 
  83 3136.55 3127.62 3241.66 
  84 3166.89 3005.80 3241.66 
  85 3192.46 3115.28 3241.66 
  86 3315.91 3229.81 3241.66 
  87 3212.59 3287.29 3315.91 
  88 3311.78 3283.35 3315.91 
  89 3445.23 3098.94 3315.91 
  90 3346.05 2944.96 3445.23 
  91 3391.42 3112.64 3445.23 
  92 3377.62 3195.45 3445.23 
  93 3430.06 3137.72 3445.23 
  94 3500.14 3202.55 3445.23 
  95 3498.19 3375.10 3500.14 
  96 3556.45 3401.73 3500.14 
  97 3587.75 3534.38 3556.45 
  98 3527.39 3459.84 3587.75 
  99 3554.22 3520.13 3587.75 
