Iter | Sampling Pol | Evaluation Pol | Best (Sampled) 
   0 50.00 146.34 -100000000.00 
   1 50.71 53.43 50.00 
   2 54.66 64.66 50.71 
   3 52.87 62.38 54.66 
   4 69.68 63.04 54.66 
   5 64.72 68.85 69.68 
   6 77.46 78.36 69.68 
   7 85.44 88.53 77.46 
   8 99.86 73.55 85.44 
   9 101.74 103.67 99.86 
  10 91.17 126.59 101.74 
  11 104.75 117.16 101.74 
  12 119.82 197.15 104.75 
  13 134.29 178.78 119.82 
  14 158.31 119.05 134.29 
  15 173.53 157.36 158.31 
  16 152.24 201.77 173.53 
  17 172.90 209.24 173.53 
  18 205.44 309.03 173.53 
  19 200.87 276.59 205.44 
  20 231.06 401.88 205.44 
  21 242.27 435.29 231.06 
  22 289.18 586.89 242.27 
  23 322.50 520.80 289.18 
  24 321.38 561.99 322.50 
  25 408.60 708.24 322.50 
  26 400.91 812.54 408.60 
  27 570.14 1062.90 408.60 
  28 543.31 872.92 570.14 
  29 651.96 1022.92 570.14 
  30 698.43 1095.38 651.96 
  31 790.53 1151.88 698.43 
  32 791.27 1300.75 790.53 
  33 819.79 1426.63 791.27 
  34 1013.31 1396.96 819.79 
  35 1105.33 1380.13 1013.31 
  36 1187.92 1373.41 1105.33 
  37 1306.35 1545.18 1187.92 
  38 1347.78 1599.32 1306.35 
  39 1352.07 1888.79 1347.78 
  40 1607.02 1993.94 1352.07 
  41 1652.80 1860.69 1607.02 
  42 1704.18 1757.72 1652.80 
  43 1800.44 2013.56 1704.18 
  44 1986.35 2307.40 1800.44 
  45 1901.52 2265.33 1986.35 
  46 2022.53 2479.56 1986.35 
  47 1995.60 2346.62 2022.53 
  48 2123.62 2447.67 2022.53 
  49 2246.77 2305.89 2123.62 
  50 2108.88 2538.19 2246.77 
  51 2280.13 2425.54 2246.77 
  52 2383.98 2731.30 2280.13 
  53 2558.00 2904.95 2383.98 
  54 2683.62 2785.95 2558.00 
  55 2560.87 2797.22 2683.62 
  56 2645.45 3032.33 2683.62 
  57 2729.99 2937.01 2683.62 
  58 2848.84 2933.02 2729.99 
  59 2597.98 3162.80 2848.84 
  60 2854.56 3181.50 2848.84 
  61 2787.84 3277.44 2854.56 
  62 2890.52 3261.35 2854.56 
  63 2975.48 3389.78 2890.52 
  64 3013.30 3293.47 2975.48 
  65 2964.77 3232.42 3013.30 
  66 3074.02 3295.29 3013.30 
  67 3085.72 3334.86 3074.02 
  68 3158.99 3404.55 3085.72 
  69 2979.16 3157.00 3158.99 
  70 3179.95 3306.53 3158.99 
  71 3286.26 3374.80 3179.95 
  72 3137.35 3583.14 3286.26 
  73 3201.54 3470.20 3286.26 
  74 3278.96 3640.91 3286.26 
  75 3330.33 3574.22 3286.26 
  76 3305.72 3491.07 3330.33 
  77 3433.24 3639.79 3330.33 
  78 3503.92 3555.42 3433.24 
  79 3421.45 3587.44 3503.92 
  80 3451.91 3692.10 3503.92 
  81 3507.01 3639.85 3503.92 
  82 3539.48 3663.04 3507.01 
  83 3499.72 3700.26 3539.48 
  84 3516.05 3744.26 3539.48 
  85 3496.05 3609.32 3539.48 
  86 3568.97 3658.46 3539.48 
  87 3623.96 3605.16 3568.97 
  88 3653.79 3737.63 3623.96 
  89 3571.80 3736.53 3653.79 
  90 3612.33 3779.69 3653.79 
  91 3704.88 3767.88 3653.79 
  92 3651.23 3796.40 3704.88 
  93 3632.44 3712.73 3704.88 
  94 3720.23 3776.58 3704.88 
  95 3735.69 3823.83 3720.23 
  96 3721.79 3840.72 3735.69 
  97 3669.72 3816.81 3735.69 
  98 3738.31 3859.32 3735.69 
  99 3709.80 3852.97 3738.31 
