Iter | Sampling Pol | Evaluation Pol | Best (Sampled) 
   0 115.10 -4.73 -100000000.00 
   1 100.86 -4.84 115.10 
   2 107.16 -5.16 115.10 
   3 93.08 -3.67 115.10 
   4 70.10 -4.66 115.10 
   5 118.26 -3.49 115.10 
   6 50.03  0.46 118.26 
   7 98.80  3.75 118.26 
   8 59.13 -2.18 118.26 
   9 90.35 -4.04 118.26 
  10 66.51 -2.56 118.26 
  11 64.38 -1.15 118.26 
  12 77.09 -1.38 118.26 
  13 56.99  1.00 118.26 
  14 94.44  1.56 118.26 
  15 58.09 -5.47 118.26 
  16 88.09 -5.69 118.26 
  17 67.41 -3.55 118.26 
  18 80.54 -0.92 118.26 
  19 60.35  1.52 118.26 
  20 69.19 -0.42 118.26 
  21 73.07  1.41 118.26 
  22 96.54 -0.19 118.26 
  23 71.32 -2.72 118.26 
  24 92.57 -2.99 118.26 
  25 59.35 -2.68 118.26 
  26 83.46 -0.92 118.26 
  27 56.21  0.10 118.26 
  28 61.09 -0.64 118.26 
  29 61.49 -0.02 118.26 
  30 73.54  0.12 118.26 
  31 82.81  1.81 118.26 
  32 70.90 15.37 118.26 
  33 78.14 14.95 118.26 
  34 72.79 12.47 118.26 
  35 64.14  9.05 118.26 
  36 69.23 15.34 118.26 
  37 54.45 19.67 118.26 
  38 92.82 13.95 118.26 
  39 56.07 27.60 118.26 
  40 93.38 13.02 118.26 
  41 60.12  8.41 118.26 
  42 70.81  9.02 118.26 
  43 53.52 22.71 118.26 
  44 59.87  4.67 118.26 
  45 62.50 -1.37 118.26 
  46 62.90 -1.43 118.26 
  47 67.91 -0.61 118.26 
  48 69.97 -0.03 118.26 
  49 58.23 -4.98 118.26 
