Iter | Sampling Pol | Evaluation Pol | Best (Sampled) 
   0 -2.25 -4.64 -100000000.00 
   1 -2.13 -4.34 -2.25 
   2 -3.08 -2.53 -2.13 
   3 -0.78 -2.31 -2.13 
   4 -1.35  2.17 -0.78 
   5  4.54  1.49 -0.78 
   6  4.32  2.19  4.54 
   7  4.52  0.49  4.54 
   8  4.18  5.63  4.54 
   9 -0.52 -1.05  4.54 
  10  7.06  7.29  4.54 
  11  1.78 15.56  7.06 
  12 10.19 32.25  7.06 
  13  1.17  2.74 10.19 
  14  2.84 23.98 10.19 
  15  1.79 22.18 10.19 
  16 12.04 16.52 10.19 
  17 11.99 25.44 12.04 
  18 17.23 27.40 12.04 
  19 12.72 19.61 17.23 
  20 13.67 13.12 17.23 
  21 27.14 112.69 17.23 
  22 26.29 10.52 27.14 
  23 40.95 31.09 27.14 
  24 30.71 76.15 40.95 
  25 37.79 59.24 40.95 
  26 38.21 67.82 40.95 
  27 61.31 142.97 40.95 
  28 50.03 70.63 61.31 
  29 63.62 86.38 61.31 
  30 61.47 78.34 63.62 
  31 45.33 47.36 63.62 
  32 82.22 73.80 63.62 
  33 86.07 34.90 82.22 
  34 104.84 69.16 86.07 
  35 103.26 65.31 104.84 
  36 113.86 54.30 104.84 
  37 110.79 139.32 113.86 
  38 140.05 101.95 113.86 
  39 160.30 181.23 140.05 
  40 158.94 64.54 160.30 
  41 265.09 182.25 160.30 
  42 231.48 94.72 265.09 
  43 239.13 204.64 265.09 
  44 304.48 326.76 265.09 
  45 365.62 259.73 304.48 
  46 352.82 423.94 365.62 
  47 381.81 440.19 365.62 
  48 495.41 477.02 381.81 
  49 527.52 477.22 495.41 
  50 708.17 496.99 527.52 
  51 750.63 649.30 708.17 
  52 844.84 720.46 750.63 
  53 931.96 615.61 844.84 
  54 1133.99 886.82 931.96 
  55 1200.45 954.05 1133.99 
  56 1108.49 1166.80 1200.45 
  57 1297.12 1197.84 1200.45 
  58 1442.91 1313.79 1297.12 
  59 1440.00 1515.74 1442.91 
  60 1444.18 1482.68 1442.91 
  61 1626.79 1565.23 1444.18 
  62 1580.78 1632.24 1626.79 
  63 1830.37 1660.34 1626.79 
  64 1970.46 1536.12 1830.37 
  65 1942.56 1673.33 1970.46 
  66 2084.70 1759.63 1970.46 
  67 2044.50 2261.85 2084.70 
  68 2057.93 2369.32 2084.70 
  69 2122.63 2301.29 2084.70 
  70 2249.12 1796.08 2122.63 
  71 2372.35 2026.02 2249.12 
  72 2298.35 2037.85 2372.35 
  73 2416.83 1954.92 2372.35 
  74 2534.72 1709.00 2416.83 
  75 2623.15 1963.07 2534.72 
  76 2622.36 1867.46 2623.15 
  77 2742.87 1896.24 2623.15 
  78 2663.86 1980.37 2742.87 
  79 2697.27 2033.33 2742.87 
  80 2755.16 1959.05 2742.87 
  81 2849.07 1739.83 2755.16 
  82 2805.77 2148.52 2849.07 
  83 2906.06 2859.45 2849.07 
  84 2836.70 2732.35 2906.06 
  85 2927.67 2591.04 2906.06 
  86 3095.86 2273.72 2927.67 
  87 3179.88 2971.97 3095.86 
  88 3042.24 2249.53 3179.88 
  89 3121.20 2965.68 3179.88 
  90 3187.68 3208.28 3179.88 
  91 3286.77 2420.53 3187.68 
  92 3239.94 2897.67 3286.77 
  93 3245.79 2843.93 3286.77 
  94 3140.27 2990.92 3286.77 
  95 3332.14 2646.98 3286.77 
  96 3326.14 2680.85 3332.14 
  97 3143.85 2959.18 3332.14 
  98 3259.18 3035.56 3332.14 
  99 3323.09 3267.29 3332.14 
