Iter | Sampling Pol | Evaluation Pol | Best (Sampled) 
   0 -2.25 -4.64 -100000000.00 
   1 -3.61 -4.43 -2.25 
   2 -3.58 -4.10 -2.25 
   3 -1.67 -3.03 -2.25 
   4 -0.99 -0.57 -1.67 
   5 -1.14  0.36 -0.99 
   6  1.25  3.04 -0.99 
   7  8.18  1.46  1.25 
   8  3.31  0.10  8.18 
   9  0.61  4.64  8.18 
  10  2.55 22.73  8.18 
  11  2.35  8.86  8.18 
  12  3.41 33.66  8.18 
  13  3.83 68.27  8.18 
  14 11.65  6.47  8.18 
  15  4.18  3.81 11.65 
  16  5.15 60.90 11.65 
  17  3.23 19.04 11.65 
  18  9.90 22.90 11.65 
  19  5.83 10.74 11.65 
  20  7.71 24.65 11.65 
  21 14.41 24.53 11.65 
  22 18.15 32.07 14.41 
  23 10.65 26.92 18.15 
  24 13.36 29.95 18.15 
  25 14.05 43.51 18.15 
  26 22.35 80.50 18.15 
  27 20.45 47.91 22.35 
  28 24.31 55.47 22.35 
  29 29.32 58.41 24.31 
  30 33.31 46.41 29.32 
  31 32.45 55.03 33.31 
  32 36.46 53.92 33.31 
  33 30.99 58.21 36.46 
  34 40.55 82.17 36.46 
  35 46.58 73.76 40.55 
  36 41.34 79.81 46.58 
  37 49.40 98.73 46.58 
  38 55.87 103.07 49.40 
  39 56.49 109.96 55.87 
  40 61.38 89.81 56.49 
  41 74.29 107.72 61.38 
  42 80.82 160.09 74.29 
  43 70.28 149.79 80.82 
  44 103.03 163.46 80.82 
  45 79.84 158.51 103.03 
  46 82.16 172.82 103.03 
  47 87.29 182.64 103.03 
  48 96.49 299.35 103.03 
  49 122.67 387.60 103.03 
  50 116.81 492.96 122.67 
  51 135.95 445.77 122.67 
  52 120.65 421.14 135.95 
  53 145.81 368.81 135.95 
  54 150.36 401.16 145.81 
  55 144.54 377.50 150.36 
  56 155.49 454.62 150.36 
  57 201.53 498.84 155.49 
  58 200.20 485.01 201.53 
  59 239.41 510.17 201.53 
  60 195.29 661.33 239.41 
  61 244.14 654.15 239.41 
  62 237.41 536.15 244.14 
  63 280.84 838.22 244.14 
  64 333.54 872.84 280.84 
  65 301.34 708.42 333.54 
  66 344.56 1053.76 333.54 
  67 374.39 973.69 344.56 
  68 468.25 933.50 374.39 
  69 506.74 922.49 468.25 
  70 523.86 1135.13 506.74 
  71 551.96 1205.96 523.86 
  72 575.00 995.11 551.96 
  73 566.95 926.52 575.00 
  74 549.17 1223.41 575.00 
  75 825.16 1128.43 575.00 
  76 838.36 1205.27 825.16 
  77 884.09 1474.70 838.36 
  78 1032.88 1429.14 884.09 
  79 933.98 1661.21 1032.88 
  80 1140.63 1639.44 1032.88 
  81 1107.98 1838.83 1140.63 
  82 1167.18 2027.78 1140.63 
  83 1287.33 2185.34 1167.18 
  84 1416.75 2096.62 1287.33 
  85 1306.83 1980.68 1416.75 
  86 1437.59 1714.31 1416.75 
  87 1613.37 2246.60 1437.59 
  88 1789.48 2080.84 1613.37 
  89 1795.42 2224.01 1789.48 
  90 1825.44 2226.75 1795.42 
  91 1982.07 2087.03 1825.44 
  92 2032.36 2666.49 1982.07 
  93 2069.43 2800.81 2032.36 
  94 2063.49 2785.83 2069.43 
  95 2160.68 2747.16 2069.43 
  96 2256.77 2911.11 2160.68 
  97 2359.73 2841.16 2256.77 
  98 2395.09 2723.11 2359.73 
  99 2489.47 3064.00 2395.09 
 100 2606.07 3013.10 2489.47 
 101 2643.09 2932.93 2606.07 
 102 2729.92 3112.58 2643.09 
 103 2755.42 3150.07 2729.92 
 104 2836.29 3089.36 2755.42 
 105 3000.54 2989.20 2836.29 
 106 2920.47 3192.96 3000.54 
 107 2924.25 3131.08 3000.54 
 108 3152.00 3102.47 3000.54 
 109 3131.85 3112.09 3152.00 
 110 3009.69 3122.38 3152.00 
 111 3185.29 3107.78 3152.00 
 112 3110.56 3087.59 3185.29 
 113 3244.40 3223.35 3185.29 
 114 3172.43 3010.01 3244.40 
 115 3294.82 3307.54 3244.40 
 116 3239.76 3373.24 3294.82 
 117 3450.08 3418.26 3294.82 
 118 3395.60 3426.70 3450.08 
 119 3467.33 3402.72 3450.08 
 120 3408.89 3456.00 3467.33 
 121 3449.84 3493.86 3467.33 
 122 3484.74 3465.95 3467.33 
 123 3507.04 3418.03 3484.74 
 124 3598.47 3390.16 3507.04 
 125 3558.01 3508.08 3598.47 
 126 3721.63 3454.33 3598.47 
 127 3630.37 3530.12 3721.63 
 128 3628.92 3538.07 3721.63 
 129 3647.06 3456.86 3721.63 
 130 3750.42 3534.03 3721.63 
 131 3810.56 3600.90 3750.42 
 132 3754.82 3615.67 3810.56 
 133 3744.32 3579.85 3810.56 
 134 3711.26 3544.51 3810.56 
 135 3890.64 3528.08 3810.56 
 136 3699.42 3606.73 3890.64 
 137 3807.44 3666.84 3890.64 
 138 3845.69 3612.00 3890.64 
 139 3856.79 3572.84 3890.64 
 140 3750.46 3547.42 3890.64 
 141 3864.87 3474.70 3890.64 
 142 3798.53 3607.94 3890.64 
 143 3761.64 3673.22 3890.64 
 144 3891.35 3809.60 3890.64 
 145 3977.98 3653.28 3891.35 
 146 4061.16 3840.12 3977.98 
 147 3874.55 3788.75 4061.16 
 148 3966.63 3622.38 4061.16 
 149 3877.25 3810.13 4061.16 
 150 3958.79 3931.15 4061.16 
 151 3989.90 3890.24 4061.16 
 152 4037.81 3879.91 4061.16 
 153 4042.22 3888.71 4061.16 
 154 4046.27 3766.27 4061.16 
 155 4100.75 3780.74 4061.16 
 156 3999.39 3798.36 4100.75 
 157 4080.74 3899.72 4100.75 
 158 4015.09 3769.83 4100.75 
 159 3970.12 4003.17 4100.75 
 160 4132.49 3907.55 4100.75 
 161 3954.65 4020.91 4132.49 
 162 4111.47 3941.30 4132.49 
 163 3990.75 4114.96 4132.49 
 164 3975.27 3953.41 4132.49 
 165 4060.64 3854.96 4132.49 
 166 4081.08 3724.60 4132.49 
 167 4113.32 3886.00 4132.49 
 168 4100.54 3675.87 4132.49 
 169 4051.51 3888.19 4132.49 
 170 4161.28 3690.96 4132.49 
 171 4143.59 3798.09 4161.28 
 172 4089.93 3532.99 4161.28 
 173 4125.72 3695.80 4161.28 
 174 4120.83 3520.13 4161.28 
 175 4127.40 3463.38 4161.28 
 176 4213.19 3610.97 4161.28 
 177 4205.43 3733.01 4213.19 
 178 4069.65 3973.08 4213.19 
 179 4141.98 3999.67 4213.19 
 180 4087.61 3956.88 4213.19 
 181 4161.41 4152.61 4213.19 
 182 4162.92 4205.68 4213.19 
 183 4187.90 4040.34 4213.19 
 184 4185.39 4064.38 4213.19 
 185 4095.40 4035.49 4213.19 
 186 4145.39 3791.28 4213.19 
 187 4292.90 3878.88 4213.19 
 188 4181.56 3880.67 4292.90 
 189 4221.30 3729.53 4292.90 
 190 4240.98 3746.51 4292.90 
 191 4209.60 3988.82 4292.90 
 192 4281.38 3857.53 4292.90 
 193 4171.23 3899.28 4292.90 
 194 4224.57 3947.18 4292.90 
 195 4237.71 4069.08 4292.90 
 196 4176.68 4205.95 4292.90 
 197 4227.99 4095.32 4292.90 
 198 4284.19 4067.62 4292.90 
 199 4353.98 4098.18 4292.90 
 200 4254.93 4196.67 4353.98 
 201 4306.86 4295.10 4353.98 
 202 4297.12 4364.77 4353.98 
 203 4338.04 4357.32 4353.98 
 204 4339.51 4333.53 4353.98 
 205 4394.98 4315.31 4353.98 
 206 4320.61 4308.73 4394.98 
 207 4441.56 4455.77 4394.98 
 208 4323.53 4395.77 4441.56 
 209 4231.07 4333.81 4441.56 
 210 4264.15 4214.99 4441.56 
 211 4306.90 4279.33 4441.56 
 212 4359.74 4190.59 4441.56 
 213 4449.01 4229.53 4441.56 
 214 4239.65 4339.53 4449.01 
 215 4371.68 4236.30 4449.01 
 216 4406.30 4045.72 4449.01 
 217 4360.68 3857.87 4449.01 
 218 4354.15 4254.37 4449.01 
 219 4409.12 4416.70 4449.01 
 220 4345.04 4435.09 4449.01 
 221 4467.81 4453.60 4449.01 
 222 4420.55 4374.69 4467.81 
 223 4232.50 4550.76 4467.81 
 224 4413.56 4324.06 4467.81 
 225 4302.11 4407.72 4467.81 
 226 4374.19 4315.51 4467.81 
 227 4300.53 4482.04 4467.81 
 228 4362.06 4449.07 4467.81 
 229 4476.31 4486.52 4467.81 
 230 4471.54 4479.87 4476.31 
 231 4468.24 4241.16 4476.31 
 232 4408.64 4559.73 4476.31 
 233 4373.02 4553.39 4476.31 
 234 4349.41 4332.95 4476.31 
 235 4443.45 4368.35 4476.31 
 236 4419.76 4336.29 4476.31 
 237 4422.70 4272.40 4476.31 
 238 4433.01 4244.75 4476.31 
 239 4406.39 4215.52 4476.31 
 240 4374.92 4270.69 4476.31 
 241 4413.68 4131.53 4476.31 
 242 4417.13 4287.53 4476.31 
 243 4504.31 4209.13 4476.31 
 244 4523.16 4283.30 4504.31 
 245 4442.62 4398.67 4523.16 
 246 4456.49 4466.48 4523.16 
 247 4393.60 4386.52 4523.16 
 248 4457.20 4439.45 4523.16 
 249 4405.18 4458.77 4523.16 
 250 4371.19 4473.13 4523.16 
 251 4440.15 4487.51 4523.16 
 252 4427.75 4333.57 4523.16 
 253 4472.76 4449.09 4523.16 
 254 4504.14 4517.90 4523.16 
 255 4527.35 4458.38 4523.16 
 256 4507.38 4122.13 4527.35 
 257 4485.97 4300.35 4527.35 
 258 4555.11 4474.83 4527.35 
 259 4566.27 4346.71 4555.11 
 260 4535.54 4505.52 4566.27 
 261 4519.50 4517.88 4566.27 
 262 4534.62 4411.28 4566.27 
 263 4459.18 4363.35 4566.27 
 264 4517.99 4278.29 4566.27 
 265 4548.89 4264.91 4566.27 
 266 4476.62 4287.95 4566.27 
 267 4470.63 4266.65 4566.27 
 268 4548.64 4320.34 4566.27 
 269 4509.78 4197.86 4566.27 
 270 4531.52 4420.97 4566.27 
 271 4577.71 4444.84 4566.27 
 272 4585.62 4450.29 4577.71 
 273 4572.39 4332.72 4585.62 
 274 4437.02 4344.10 4585.62 
 275 4492.62 4297.29 4585.62 
 276 4504.65 4288.09 4585.62 
 277 4602.46 4335.02 4585.62 
 278 4512.85 4522.51 4602.46 
 279 4549.35 4361.23 4602.46 
 280 4564.51 4456.92 4602.46 
 281 4442.41 4188.33 4602.46 
 282 4471.16 4253.85 4602.46 
 283 4435.49 4130.74 4602.46 
 284 4544.74 4099.84 4602.46 
 285 4504.13 3976.53 4602.46 
 286 4542.54 4329.34 4602.46 
 287 4524.35 4485.12 4602.46 
 288 4555.22 4258.01 4602.46 
 289 4514.07 4219.00 4602.46 
 290 4490.48 4202.55 4602.46 
 291 4531.28 4017.36 4602.46 
 292 4560.60 4520.47 4602.46 
 293 4454.03 4284.25 4602.46 
 294 4513.91 4219.91 4602.46 
 295 4538.09 4279.71 4602.46 
 296 4436.98 4144.68 4602.46 
 297 4593.56 4459.15 4602.46 
 298 4463.95 4277.93 4602.46 
 299 4439.08 4307.81 4602.46 
 300 4510.59 4431.75 4602.46 
 301 4489.34 4431.07 4602.46 
 302 4646.02 4435.17 4602.46 
 303 4576.00 4496.13 4646.02 
 304 4577.64 4429.66 4646.02 
 305 4533.93 4370.50 4646.02 
 306 4622.36 4319.44 4646.02 
 307 4629.10 4555.48 4646.02 
 308 4637.37 4299.44 4646.02 
 309 4606.73 4310.41 4646.02 
 310 4612.28 4630.88 4646.02 
 311 4637.43 4605.07 4646.02 
 312 4595.45 4633.89 4646.02 
 313 4508.20 4582.08 4646.02 
 314 4561.57 4496.37 4646.02 
 315 4558.30 4389.20 4646.02 
 316 4632.18 4429.86 4646.02 
 317 4595.91 4274.75 4646.02 
 318 4623.12 4506.40 4646.02 
 319 4643.42 4500.35 4646.02 
 320 4634.65 4404.52 4646.02 
 321 4583.47 4319.23 4646.02 
 322 4652.91 4438.54 4646.02 
 323 4647.42 4338.96 4652.91 
 324 4681.66 4251.64 4652.91 
 325 4604.59 4414.64 4681.66 
 326 4665.26 4439.95 4681.66 
 327 4570.42 4577.87 4681.66 
 328 4606.13 4582.51 4681.66 
 329 4579.75 4488.01 4681.66 
 330 4634.94 4394.77 4681.66 
 331 4617.37 4554.64 4681.66 
 332 4614.02 4503.86 4681.66 
 333 4698.20 4584.38 4681.66 
 334 4624.00 4661.74 4698.20 
 335 4669.77 4578.22 4698.20 
 336 4596.92 4632.55 4698.20 
 337 4638.02 4608.32 4698.20 
 338 4660.58 4698.23 4698.20 
 339 4638.41 4699.58 4698.20 
 340 4663.89 4721.03 4698.20 
 341 4567.67 4571.66 4698.20 
 342 4650.45 4653.71 4698.20 
 343 4609.67 4534.86 4698.20 
 344 4644.85 4470.63 4698.20 
 345 4678.43 4560.48 4698.20 
 346 4685.28 4574.92 4698.20 
 347 4620.11 4474.93 4698.20 
 348 4708.64 4473.60 4698.20 
 349 4734.42 4461.85 4708.64 
 350 4690.53 4494.40 4734.42 
 351 4733.80 4596.87 4734.42 
 352 4668.87 4349.47 4734.42 
 353 4637.50 4606.18 4734.42 
 354 4565.46 4475.17 4734.42 
 355 4673.67 4297.48 4734.42 
 356 4619.50 4331.52 4734.42 
 357 4576.41 4492.91 4734.42 
 358 4691.25 4420.79 4734.42 
 359 4663.55 4427.71 4734.42 
 360 4668.59 4655.24 4734.42 
 361 4677.84 4276.47 4734.42 
 362 4595.94 4361.91 4734.42 
 363 4641.94 4658.64 4734.42 
 364 4643.93 4699.75 4734.42 
 365 4722.29 4681.02 4734.42 
 366 4670.67 4696.15 4734.42 
 367 4704.94 4590.44 4734.42 
 368 4653.84 4579.82 4734.42 
 369 4604.52 4615.54 4734.42 
 370 4702.23 4769.97 4734.42 
 371 4692.99 4737.35 4734.42 
 372 4727.15 4567.19 4734.42 
 373 4635.55 4666.28 4734.42 
 374 4640.57 4781.24 4734.42 
 375 4669.20 4631.09 4734.42 
 376 4660.43 4666.22 4734.42 
 377 4722.40 4680.34 4734.42 
 378 4689.54 4569.89 4734.42 
 379 4658.90 4630.32 4734.42 
 380 4691.63 4603.72 4734.42 
 381 4717.38 4647.28 4734.42 
 382 4677.98 4670.77 4734.42 
 383 4720.27 4496.57 4734.42 
 384 4737.31 4599.73 4734.42 
 385 4756.93 4689.14 4737.31 
 386 4685.50 4703.53 4756.93 
 387 4688.71 4572.08 4756.93 
 388 4755.51 4521.65 4756.93 
 389 4720.12 4634.78 4756.93 
 390 4646.14 4642.07 4756.93 
 391 4763.33 4599.44 4756.93 
 392 4724.59 4617.99 4763.33 
 393 4686.47 4686.05 4763.33 
 394 4747.87 4614.70 4763.33 
 395 4728.06 4671.20 4763.33 
 396 4754.49 4577.13 4763.33 
 397 4749.10 4458.23 4763.33 
 398 4728.89 4611.46 4763.33 
 399 4732.62 4559.59 4763.33 
 400 4677.67 4582.81 4763.33 
 401 4735.08 4530.37 4763.33 
 402 4759.67 4662.19 4763.33 
 403 4726.55 4772.03 4763.33 
 404 4732.28 4771.02 4763.33 
 405 4728.91 4770.19 4763.33 
 406 4734.23 4825.92 4763.33 
 407 4718.94 4795.26 4763.33 
 408 4680.61 4829.15 4763.33 
 409 4726.49 4797.54 4763.33 
 410 4751.06 4812.71 4763.33 
 411 4728.20 4752.21 4763.33 
 412 4737.02 4811.93 4763.33 
 413 4719.51 4669.24 4763.33 
 414 4761.40 4772.39 4763.33 
 415 4754.10 4817.88 4763.33 
 416 4719.90 4797.36 4763.33 
 417 4732.54 4741.61 4763.33 
 418 4748.58 4740.02 4763.33 
 419 4770.65 4723.91 4763.33 
 420 4712.62 4728.97 4770.65 
 421 4721.96 4682.85 4770.65 
 422 4666.23 4818.00 4770.65 
 423 4714.54 4750.91 4770.65 
 424 4753.42 4806.19 4770.65 
 425 4778.56 4828.90 4770.65 
 426 4762.29 4786.25 4778.56 
 427 4729.78 4724.19 4778.56 
 428 4811.18 4698.50 4778.56 
 429 4718.78 4739.47 4811.18 
 430 4701.76 4561.07 4811.18 
 431 4755.61 4610.27 4811.18 
 432 4729.64 4616.19 4811.18 
 433 4787.39 4632.54 4811.18 
 434 4823.21 4535.58 4811.18 
 435 4791.24 4631.41 4823.21 
 436 4791.09 4735.37 4823.21 
 437 4758.22 4775.96 4823.21 
 438 4779.42 4639.75 4823.21 
 439 4820.66 4744.16 4823.21 
 440 4791.77 4651.92 4823.21 
 441 4847.90 4847.37 4823.21 
 442 4790.69 4823.91 4847.90 
 443 4806.29 4591.52 4847.90 
 444 4813.23 4799.91 4847.90 
 445 4759.44 4680.50 4847.90 
 446 4771.74 4635.22 4847.90 
 447 4844.37 4857.54 4847.90 
 448 4753.10 4882.95 4847.90 
 449 4805.25 4856.48 4847.90 
 450 4763.38 4890.00 4847.90 
 451 4827.56 4740.16 4847.90 
 452 4798.30 4713.50 4847.90 
 453 4814.33 4747.03 4847.90 
 454 4834.67 4808.48 4847.90 
 455 4864.01 4701.55 4847.90 
 456 4864.10 4610.34 4864.01 
 457 4775.84 4847.44 4864.10 
 458 4788.83 4772.55 4864.10 
 459 4843.35 4731.14 4864.10 
 460 4838.17 4630.32 4864.10 
 461 4867.25 4752.31 4864.10 
 462 4843.23 4746.09 4867.25 
 463 4771.51 4807.99 4867.25 
 464 4834.61 4780.37 4867.25 
 465 4854.02 4823.33 4867.25 
 466 4886.87 4822.90 4867.25 
 467 4822.36 4656.50 4886.87 
 468 4813.04 4669.64 4886.87 
 469 4835.01 4724.24 4886.87 
 470 4818.43 4743.35 4886.87 
 471 4789.07 4691.69 4886.87 
 472 4848.94 4583.98 4886.87 
 473 4793.84 4769.89 4886.87 
 474 4772.69 4786.62 4886.87 
 475 4819.21 4741.03 4886.87 
 476 4855.06 4805.82 4886.87 
 477 4824.39 4830.05 4886.87 
 478 4776.17 4786.39 4886.87 
 479 4793.90 4801.85 4886.87 
 480 4803.37 4743.37 4886.87 
 481 4870.38 4862.36 4886.87 
 482 4819.44 4832.17 4886.87 
 483 4859.42 4829.92 4886.87 
 484 4805.03 4753.80 4886.87 
 485 4812.69 4811.78 4886.87 
 486 4884.95 4798.09 4886.87 
 487 4883.73 4709.21 4886.87 
 488 4836.98 4845.51 4886.87 
 489 4805.13 4718.51 4886.87 
 490 4800.67 4698.76 4886.87 
 491 4821.37 4844.83 4886.87 
 492 4894.52 4815.59 4886.87 
 493 4880.52 4712.12 4894.52 
 494 4807.42 4780.20 4894.52 
 495 4784.62 4780.54 4894.52 
 496 4766.08 4858.96 4894.52 
 497 4839.58 4879.09 4894.52 
 498 4780.14 4736.15 4894.52 
 499 4793.27 4749.28 4894.52 
 500 4836.69 4765.03 4894.52 
 501 4819.58 4777.65 4894.52 
 502 4814.19 4800.04 4894.52 
 503 4816.77 4680.49 4894.52 
 504 4823.78 4719.14 4894.52 
 505 4883.04 4876.96 4894.52 
 506 4818.50 4877.34 4894.52 
 507 4812.72 4896.99 4894.52 
 508 4786.23 4768.86 4894.52 
 509 4727.61 4806.07 4894.52 
 510 4837.73 4717.60 4894.52 
 511 4857.48 4844.15 4894.52 
 512 4777.57 4749.06 4894.52 
 513 4813.87 4613.42 4894.52 
 514 4851.97 4602.59 4894.52 
 515 4850.38 4755.03 4894.52 
 516 4794.43 4742.59 4894.52 
 517 4832.46 4715.41 4894.52 
 518 4826.17 4679.97 4894.52 
 519 4844.36 4709.08 4894.52 
 520 4839.87 4734.91 4894.52 
 521 4797.29 4722.37 4894.52 
 522 4768.61 4736.44 4894.52 
 523 4857.25 4708.12 4894.52 
 524 4835.13 4743.56 4894.52 
 525 4814.66 4741.30 4894.52 
 526 4811.60 4831.54 4894.52 
 527 4864.95 4838.82 4894.52 
 528 4870.61 4730.92 4894.52 
 529 4871.87 4818.68 4894.52 
 530 4752.51 4864.08 4894.52 
 531 4823.67 4746.32 4894.52 
 532 4826.67 4781.00 4894.52 
 533 4852.76 4745.82 4894.52 
 534 4828.11 4781.55 4894.52 
 535 4835.63 4718.34 4894.52 
 536 4853.72 4735.88 4894.52 
 537 4837.58 4779.64 4894.52 
 538 4853.70 4629.69 4894.52 
 539 4869.72 4721.09 4894.52 
 540 4847.99 4674.00 4894.52 
 541 4812.93 4754.97 4894.52 
 542 4864.18 4756.52 4894.52 
 543 4877.29 4573.80 4894.52 
 544 4844.90 4573.11 4894.52 
 545 4813.08 4697.38 4894.52 
 546 4898.85 4642.50 4894.52 
 547 4867.49 4780.18 4898.85 
 548 4849.73 4802.47 4898.85 
 549 4878.55 4842.55 4898.85 
 550 4875.98 4853.99 4898.85 
 551 4920.26 4882.52 4898.85 
 552 4921.52 4886.38 4920.26 
 553 4807.92 4905.43 4921.52 
 554 4842.15 4897.27 4921.52 
 555 4901.45 4730.77 4921.52 
 556 4864.11 4766.00 4921.52 
 557 4839.74 4818.66 4921.52 
 558 4847.09 4921.28 4921.52 
 559 4855.82 4884.64 4921.52 
 560 4866.29 4872.88 4921.52 
 561 4769.94 4876.84 4921.52 
 562 4869.20 4795.05 4921.52 
 563 4894.66 4816.95 4921.52 
 564 4810.91 4797.66 4921.52 
 565 4886.35 4925.39 4921.52 
 566 4902.37 4907.79 4921.52 
 567 4845.71 4948.55 4921.52 
 568 4890.47 4929.37 4921.52 
 569 4925.28 4966.35 4921.52 
 570 4889.75 4785.47 4925.28 
 571 4887.24 4841.19 4925.28 
 572 4882.73 4918.86 4925.28 
 573 4879.51 4924.70 4925.28 
 574 4882.26 4909.71 4925.28 
 575 4938.78 4906.48 4925.28 
 576 4859.68 4799.25 4938.78 
 577 4919.58 4808.39 4938.78 
 578 4900.70 4706.11 4938.78 
 579 4851.60 4861.46 4938.78 
 580 4904.98 4894.43 4938.78 
 581 4881.20 4889.24 4938.78 
 582 4927.05 4861.06 4938.78 
 583 4901.71 4918.52 4938.78 
 584 4826.02 4923.84 4938.78 
 585 4950.96 4919.62 4938.78 
 586 4908.97 4856.13 4950.96 
 587 4935.70 4875.50 4950.96 
 588 4868.12 4925.55 4950.96 
 589 4851.09 4803.39 4950.96 
 590 4901.17 4845.52 4950.96 
 591 4832.13 4929.85 4950.96 
 592 4957.67 4919.81 4950.96 
 593 4946.89 4912.48 4957.67 
 594 4929.65 4929.65 4957.67 
 595 4874.31 4940.55 4957.67 
 596 4926.40 4917.56 4957.67 
 597 4851.70 4915.76 4957.67 
 598 4848.56 4940.81 4957.67 
 599 4818.90 4819.97 4957.67 
 600 4882.23 4949.71 4957.67 
 601 4913.73 4873.74 4957.67 
 602 4984.40 4721.16 4957.67 
 603 4878.84 4678.17 4984.40 
 604 4906.40 4767.47 4984.40 
 605 4874.47 4806.66 4984.40 
 606 4961.84 4794.84 4984.40 
 607 4833.73 4818.90 4984.40 
 608 4912.58 4841.23 4984.40 
 609 4895.00 4804.01 4984.40 
 610 4867.31 4717.91 4984.40 
 611 4962.79 4845.00 4984.40 
 612 4861.93 4729.07 4984.40 
 613 4914.74 4956.13 4984.40 
 614 4862.05 4964.23 4984.40 
 615 4884.00 4957.85 4984.40 
 616 4915.97 4911.51 4984.40 
 617 4804.63 4831.54 4984.40 
 618 4891.57 4905.60 4984.40 
 619 4840.31 4908.60 4984.40 
 620 4864.04 4854.85 4984.40 
 621 4976.18 4872.47 4984.40 
 622 4940.41 4835.72 4984.40 
 623 4907.79 4787.64 4984.40 
 624 4915.33 4753.30 4984.40 
 625 4917.85 4833.15 4984.40 
 626 4942.35 4824.96 4984.40 
 627 4882.11 4915.62 4984.40 
 628 4970.42 4872.61 4984.40 
 629 4909.81 4916.28 4984.40 
 630 4994.63 4956.10 4984.40 
 631 4934.11 4954.36 4994.63 
 632 4909.00 4887.25 4994.63 
 633 4799.74 4887.19 4994.63 
 634 4892.49 4738.90 4994.63 
 635 4929.87 4788.51 4994.63 
 636 4902.69 4588.70 4994.63 
 637 4928.97 4825.69 4994.63 
 638 4910.54 4683.94 4994.63 
 639 4871.98 4848.03 4994.63 
 640 4891.92 4874.67 4994.63 
 641 4981.22 4770.27 4994.63 
 642 4957.03 4815.24 4994.63 
 643 4941.18 4948.24 4994.63 
 644 4850.95 4877.26 4994.63 
 645 4957.10 4925.48 4994.63 
 646 4983.13 4984.01 4994.63 
 647 4959.97 4977.50 4994.63 
 648 4965.29 4949.83 4994.63 
 649 4931.52 4988.46 4994.63 
 650 4974.83 4828.01 4994.63 
 651 4887.62 4918.29 4994.63 
 652 4972.91 4976.18 4994.63 
 653 4907.87 5006.03 4994.63 
 654 4919.15 5013.58 4994.63 
 655 4957.03 4895.83 4994.63 
 656 4928.12 4877.51 4994.63 
 657 4866.74 4990.48 4994.63 
 658 4929.38 4796.55 4994.63 
 659 4985.59 4967.55 4994.63 
 660 4859.06 4972.64 4994.63 
 661 4915.34 5002.25 4994.63 
 662 4853.40 5001.68 4994.63 
 663 4946.89 5027.22 4994.63 
 664 4915.85 5012.76 4994.63 
 665 4902.72 5018.91 4994.63 
 666 4922.63 5034.11 4994.63 
 667 4997.88 5027.41 4994.63 
 668 4886.57 5039.89 4997.88 
 669 4942.97 5035.26 4997.88 
 670 4943.58 4990.88 4997.88 
 671 4884.44 4986.41 4997.88 
 672 5031.45 5005.38 4997.88 
 673 4957.43 5013.14 5031.45 
 674 4926.73 4941.62 5031.45 
 675 4812.98 5010.99 5031.45 
 676 4945.73 5050.90 5031.45 
 677 4863.54 5039.50 5031.45 
 678 4913.04 5059.52 5031.45 
 679 4953.17 4981.01 5031.45 
 680 5013.39 5003.82 5031.45 
 681 4996.48 5000.83 5031.45 
 682 4938.59 5029.17 5031.45 
 683 4974.85 5006.53 5031.45 
 684 4934.42 4998.64 5031.45 
 685 4975.77 4930.38 5031.45 
 686 4945.98 4991.89 5031.45 
 687 4848.22 4954.81 5031.45 
 688 4984.26 4697.07 5031.45 
 689 4927.66 4894.31 5031.45 
 690 4967.39 4839.94 5031.45 
 691 4946.82 5033.56 5031.45 
 692 4919.80 5006.77 5031.45 
 693 4940.02 4990.27 5031.45 
 694 4942.72 5028.46 5031.45 
 695 4975.55 5014.44 5031.45 
 696 5013.58 5018.63 5031.45 
 697 4988.25 5006.63 5031.45 
 698 4990.42 5022.76 5031.45 
 699 4958.74 5035.82 5031.45 
 700 4970.26 4999.39 5031.45 
 701 4961.79 4964.78 5031.45 
 702 4989.66 5036.72 5031.45 
 703 4979.37 5047.60 5031.45 
 704 5004.01 5070.08 5031.45 
 705 5026.11 5055.84 5031.45 
 706 4977.29 5042.86 5031.45 
 707 5018.94 5014.58 5031.45 
 708 4995.87 5021.22 5031.45 
 709 4934.15 4912.91 5031.45 
 710 5012.76 4992.39 5031.45 
 711 4898.31 4996.44 5031.45 
 712 4959.45 5025.84 5031.45 
 713 4913.07 5039.42 5031.45 
 714 4991.59 5065.66 5031.45 
 715 5027.68 5066.26 5031.45 
 716 4926.62 5044.04 5031.45 
 717 4999.61 5079.89 5031.45 
 718 4911.54 5074.75 5031.45 
 719 4981.25 5091.12 5031.45 
 720 4955.98 4961.23 5031.45 
 721 4989.81 4888.78 5031.45 
 722 4977.91 5077.98 5031.45 
 723 5023.42 5067.47 5031.45 
 724 4971.76 5091.81 5031.45 
 725 4963.84 5030.40 5031.45 
 726 4948.94 4921.55 5031.45 
 727 5032.66 5072.15 5031.45 
 728 4922.93 5056.01 5032.66 
 729 4989.47 4944.37 5032.66 
 730 4993.07 5024.02 5032.66 
 731 4993.55 5011.90 5032.66 
 732 4938.68 4928.82 5032.66 
 733 5017.92 4934.51 5032.66 
 734 4941.94 5044.54 5032.66 
 735 4998.28 4964.88 5032.66 
 736 4979.09 5023.81 5032.66 
 737 5015.99 5007.59 5032.66 
 738 4832.78 5037.66 5032.66 
 739 5043.33 5034.71 5032.66 
 740 4895.16 5036.52 5043.33 
 741 5010.75 5008.43 5043.33 
 742 4960.04 5083.14 5043.33 
 743 5017.81 5092.44 5043.33 
 744 5024.95 5057.17 5043.33 
 745 4997.28 5053.18 5043.33 
 746 5032.93 4945.54 5043.33 
 747 5031.52 5057.12 5043.33 
 748 5001.54 5030.87 5043.33 
 749 4930.62 5084.10 5043.33 
 750 5049.70 4933.82 5043.33 
 751 4949.39 5040.99 5049.70 
 752 4906.93 5051.68 5049.70 
 753 5002.81 4894.87 5049.70 
 754 4935.79 4938.27 5049.70 
 755 5016.54 4912.03 5049.70 
 756 5002.12 4864.64 5049.70 
 757 5001.89 4975.95 5049.70 
 758 5031.28 4990.61 5049.70 
 759 4990.24 5010.64 5049.70 
 760 4953.57 4962.44 5049.70 
 761 4981.38 4888.11 5049.70 
 762 4984.81 4880.88 5049.70 
 763 4926.47 4812.09 5049.70 
 764 4912.11 4906.37 5049.70 
 765 4989.30 4790.88 5049.70 
 766 4953.88 4999.10 5049.70 
 767 4984.39 4924.09 5049.70 
 768 5023.31 4988.69 5049.70 
 769 5045.12 4819.44 5049.70 
 770 5015.82 4788.99 5049.70 
 771 5023.79 4754.90 5049.70 
 772 5016.68 4787.63 5049.70 
 773 5039.87 4897.20 5049.70 
 774 4988.50 4899.12 5049.70 
 775 5006.19 4821.44 5049.70 
 776 5049.32 4859.49 5049.70 
 777 5051.32 4963.40 5049.70 
 778 5038.52 4630.99 5051.32 
 779 5020.73 4949.90 5051.32 
 780 5030.76 5065.53 5051.32 
 781 5032.67 4926.93 5051.32 
 782 5038.03 4964.32 5051.32 
 783 5032.93 5028.31 5051.32 
 784 5010.50 4878.80 5051.32 
 785 5035.01 4894.25 5051.32 
 786 5031.73 4795.02 5051.32 
 787 4998.38 4984.77 5051.32 
 788 5031.02 4990.83 5051.32 
 789 5030.98 4897.09 5051.32 
 790 5019.67 5044.76 5051.32 
 791 5014.19 5069.43 5051.32 
 792 5043.60 5099.34 5051.32 
 793 4994.40 5088.90 5051.32 
 794 4865.62 5061.43 5051.32 
 795 4997.49 5087.87 5051.32 
 796 4905.27 4925.00 5051.32 
 797 4901.41 5059.06 5051.32 
 798 5029.29 4894.37 5051.32 
 799 4956.48 4916.96 5051.32 
 800 5032.77 4952.85 5051.32 
 801 5044.88 5050.24 5051.32 
 802 5003.23 5072.16 5051.32 
 803 4972.30 5088.00 5051.32 
 804 5032.78 5077.78 5051.32 
 805 4950.79 5088.86 5051.32 
 806 5000.43 4947.76 5051.32 
 807 5021.76 4943.01 5051.32 
 808 4989.72 5081.62 5051.32 
 809 4969.67 5093.69 5051.32 
 810 5047.46 5081.35 5051.32 
 811 5034.63 5097.31 5051.32 
 812 5009.75 5065.49 5051.32 
 813 5065.71 5046.24 5051.32 
 814 4974.24 4949.48 5065.71 
 815 5072.58 5034.28 5065.71 
 816 4998.60 5039.49 5072.58 
 817 5063.96 4994.16 5072.58 
 818 5050.82 5045.37 5072.58 
 819 5069.78 5072.09 5072.58 
 820 4987.28 5015.86 5072.58 
 821 5056.55 5016.08 5072.58 
 822 5072.29 4926.09 5072.58 
 823 5002.69 5040.63 5072.58 
 824 5023.46 4857.44 5072.58 
 825 5009.84 5060.64 5072.58 
 826 5063.03 5081.28 5072.58 
 827 5007.10 5008.98 5072.58 
 828 5087.47 5068.36 5072.58 
 829 5063.25 4979.52 5087.47 
 830 5020.80 5028.51 5087.47 
 831 5034.80 5111.40 5087.47 
 832 4945.01 4991.19 5087.47 
 833 5052.23 4987.36 5087.47 
 834 5018.85 4908.12 5087.47 
 835 5077.07 4870.21 5087.47 
 836 5052.65 4888.30 5087.47 
 837 5020.03 4865.40 5087.47 
 838 5114.87 5019.47 5087.47 
 839 5019.65 4867.09 5114.87 
 840 5007.46 4782.63 5114.87 
 841 5014.72 4914.92 5114.87 
 842 5048.45 4936.20 5114.87 
 843 5040.30 4910.06 5114.87 
 844 5052.62 4948.62 5114.87 
 845 5061.64 5063.95 5114.87 
 846 5077.34 4843.49 5114.87 
 847 5051.74 4953.04 5114.87 
 848 5012.20 5034.31 5114.87 
 849 5046.56 4901.07 5114.87 
 850 5087.14 5033.02 5114.87 
 851 5085.36 5063.48 5114.87 
 852 5115.37 5072.39 5114.87 
 853 5079.89 4959.52 5115.37 
 854 5053.90 4949.14 5115.37 
 855 5108.71 5090.93 5115.37 
 856 5059.46 4980.41 5115.37 
 857 5050.27 5101.15 5115.37 
 858 5137.16 5109.17 5115.37 
 859 5046.75 5120.60 5137.16 
 860 5003.06 5112.37 5137.16 
 861 5025.55 5076.02 5137.16 
 862 5052.51 5091.90 5137.16 
 863 5072.31 5130.39 5137.16 
 864 4979.81 4994.18 5137.16 
 865 5002.58 5108.28 5137.16 
 866 5019.79 5107.25 5137.16 
 867 5044.36 5116.58 5137.16 
 868 5089.60 5053.45 5137.16 
 869 5093.41 5135.25 5137.16 
 870 5001.74 5129.93 5137.16 
 871 5017.95 5118.50 5137.16 
 872 5016.98 5132.29 5137.16 
 873 5066.66 5106.73 5137.16 
 874 5045.73 5004.58 5137.16 
 875 5130.75 5105.31 5137.16 
 876 5054.58 5127.45 5137.16 
 877 5042.51 5115.50 5137.16 
 878 5103.16 5111.72 5137.16 
 879 5001.33 5097.29 5137.16 
 880 5063.33 5115.05 5137.16 
 881 5032.80 5077.41 5137.16 
 882 5052.34 5003.80 5137.16 
 883 5050.27 5081.09 5137.16 
 884 5044.84 4991.33 5137.16 
 885 5062.61 5061.40 5137.16 
 886 5079.19 5059.60 5137.16 
 887 5066.74 5091.53 5137.16 
 888 5030.65 4993.64 5137.16 
 889 5035.76 5102.89 5137.16 
 890 5085.76 5121.25 5137.16 
 891 5044.93 4965.70 5137.16 
 892 4956.33 5111.39 5137.16 
 893 5072.90 4826.52 5137.16 
 894 5043.32 4785.91 5137.16 
 895 5091.42 4803.86 5137.16 
 896 5087.63 5090.42 5137.16 
 897 5026.68 5116.76 5137.16 
 898 5042.61 5093.75 5137.16 
 899 5106.42 5113.54 5137.16 
 900 5127.07 5090.20 5137.16 
 901 5128.67 5079.07 5137.16 
 902 5095.34 5025.23 5137.16 
 903 5006.47 5139.08 5137.16 
 904 4957.83 5142.99 5137.16 
 905 5081.70 5156.77 5137.16 
 906 5073.64 5140.49 5137.16 
 907 5104.77 5147.00 5137.16 
 908 5082.97 5133.37 5137.16 
 909 5092.25 5114.61 5137.16 
 910 5063.31 5090.05 5137.16 
 911 5136.94 5105.72 5137.16 
 912 5025.64 5103.97 5137.16 
 913 5016.69 5096.13 5137.16 
 914 5080.07 5064.26 5137.16 
 915 5077.14 5103.44 5137.16 
 916 5062.42 4958.90 5137.16 
 917 5044.27 5132.87 5137.16 
 918 5044.34 5093.97 5137.16 
 919 5097.33 5063.42 5137.16 
 920 5070.15 5035.33 5137.16 
 921 4904.96 4950.16 5137.16 
 922 4981.51 5086.77 5137.16 
 923 5128.85 5129.73 5137.16 
 924 5105.73 5080.32 5137.16 
 925 5075.03 5080.87 5137.16 
 926 5103.52 5020.26 5137.16 
 927 5101.71 5063.03 5137.16 
 928 5020.29 4981.76 5137.16 
 929 5085.03 5066.26 5137.16 
 930 5029.12 5088.78 5137.16 
 931 5065.99 4973.66 5137.16 
 932 5090.03 4963.87 5137.16 
 933 5048.38 5103.18 5137.16 
 934 5097.09 5007.76 5137.16 
 935 4994.04 4923.06 5137.16 
 936 5056.84 5019.39 5137.16 
 937 5129.57 5118.98 5137.16 
 938 5121.20 5104.27 5137.16 
 939 5067.62 5066.66 5137.16 
 940 5092.03 4902.41 5137.16 
 941 5072.45 4899.74 5137.16 
 942 5097.31 4941.99 5137.16 
 943 5121.56 4972.35 5137.16 
 944 4973.21 4825.75 5137.16 
 945 5102.25 4947.84 5137.16 
 946 5028.60 4960.75 5137.16 
 947 4859.32 4957.56 5137.16 
 948 5039.46 5145.17 5137.16 
 949 5087.84 5105.73 5137.16 
 950 5029.54 4844.46 5137.16 
 951 5038.88 4936.88 5137.16 
 952 4997.25 4833.53 5137.16 
 953 5014.34 4948.32 5137.16 
 954 5120.79 4820.73 5137.16 
 955 5060.67 4834.28 5137.16 
 956 5026.36 4809.32 5137.16 
 957 5108.95 4847.27 5137.16 
 958 5089.43 4954.31 5137.16 
 959 5020.36 5131.59 5137.16 
 960 5043.06 4979.67 5137.16 
 961 5120.98 5099.88 5137.16 
 962 5067.48 5118.34 5137.16 
 963 5112.29 5130.41 5137.16 
 964 5128.78 5146.89 5137.16 
 965 5093.20 5137.04 5137.16 
 966 5118.80 5129.18 5137.16 
 967 5074.22 5123.40 5137.16 
 968 5081.67 5131.68 5137.16 
 969 5124.82 5125.40 5137.16 
 970 5018.01 5169.54 5137.16 
 971 5145.03 5126.26 5137.16 
 972 5081.07 5121.95 5145.03 
 973 4940.68 5145.62 5145.03 
 974 5099.04 5091.61 5145.03 
 975 5107.68 4910.03 5145.03 
 976 5020.57 4904.16 5145.03 
 977 5097.39 4920.59 5145.03 
 978 5088.26 4926.34 5145.03 
 979 5081.89 5100.82 5145.03 
 980 5066.65 5157.12 5145.03 
 981 5116.45 5148.33 5145.03 
 982 5054.20 5147.47 5145.03 
 983 5050.24 5085.80 5145.03 
 984 5145.44 5099.97 5145.03 
 985 5089.93 5028.72 5145.44 
 986 5077.40 5140.40 5145.44 
 987 5153.85 4818.24 5145.44 
 988 5058.44 4948.48 5153.85 
 989 5023.59 4948.46 5153.85 
 990 5034.97 5102.16 5153.85 
 991 5124.88 5115.08 5153.85 
 992 5095.18 5121.07 5153.85 
 993 5090.04 5152.08 5153.85 
 994 5120.16 5143.46 5153.85 
 995 5081.86 5162.40 5153.85 
 996 5108.68 4980.53 5153.85 
 997 5069.74 5017.76 5153.85 
 998 5109.16 4978.55 5153.85 
 999 5086.24 5152.74 5153.85 
