Iter | Sampling Pol | Evaluation Pol | Best (Sampled) 
   0 -2.25 -4.64 -100000000.00 
   1 -3.61 -4.40 -2.25 
   2 -3.76 -4.14 -2.25 
   3 -2.06 -4.08 -2.25 
   4 -1.47 -3.54 -2.06 
   5 -1.15 -3.99 -1.47 
   6 -0.86  0.58 -1.15 
   7  6.11  1.81 -0.86 
   8  0.56  6.49  6.11 
   9 -0.09  6.54  6.11 
  10  5.85  6.47  6.11 
  11  3.68  2.92  6.11 
  12  3.78  6.18  6.11 
  13  0.48  5.13  6.11 
  14  8.66  4.86  6.11 
  15  8.57 18.21  8.66 
  16  8.90 27.28  8.66 
  17  7.00 30.81  8.90 
  18  7.18 22.58  8.90 
  19  3.99 29.62  8.90 
  20  5.85 18.63  8.90 
  21 11.25 28.17  8.90 
  22 17.82 44.05 11.25 
  23 11.07 46.78 17.82 
  24  9.21 59.40 17.82 
  25 17.08 60.36 17.82 
  26 16.31 60.84 17.82 
  27 18.02 55.90 17.82 
  28 17.39 36.49 18.02 
  29 14.85 53.18 18.02 
  30 20.36 81.29 18.02 
  31 32.93 74.62 20.36 
  32 50.94 72.72 32.93 
  33 29.96 76.81 50.94 
  34 29.44 42.06 50.94 
  35 35.53 46.87 50.94 
  36 46.22 71.15 50.94 
  37 55.87 103.35 50.94 
  38 66.14 89.51 55.87 
  39 60.47 125.92 66.14 
  40 100.20 98.00 66.14 
  41 87.76 77.53 100.20 
  42 68.71 74.74 100.20 
  43 85.88 106.80 100.20 
  44 117.73 104.71 100.20 
  45 136.48 205.95 117.73 
  46 155.96 187.38 136.48 
  47 132.05 218.20 155.96 
  48 180.30 318.87 155.96 
  49 196.55 318.06 180.30 
  50 191.57 352.03 196.55 
  51 230.84 445.73 196.55 
  52 223.85 421.75 230.84 
  53 275.21 435.36 230.84 
  54 319.94 421.87 275.21 
  55 371.26 838.60 319.94 
  56 364.85 946.60 371.26 
  57 509.30 1056.00 371.26 
  58 598.32 1492.50 509.30 
  59 621.58 1607.06 598.32 
  60 695.08 1574.94 621.58 
  61 709.25 1242.79 695.08 
  62 789.55 1397.42 709.25 
  63 843.19 1465.12 789.55 
  64 952.53 1412.31 843.19 
  65 1071.18 1789.53 952.53 
  66 1081.02 2319.34 1071.18 
  67 1345.14 2368.29 1081.02 
  68 1565.54 2158.91 1345.14 
  69 1387.09 2037.20 1565.54 
  70 1578.08 2426.90 1565.54 
  71 1415.23 2134.45 1578.08 
  72 1567.16 2383.14 1578.08 
  73 1692.07 2328.71 1578.08 
  74 1860.17 2435.75 1692.07 
  75 1946.45 2423.05 1860.17 
  76 1950.45 2604.62 1946.45 
  77 2066.30 2445.41 1950.45 
  78 2128.85 2856.98 2066.30 
  79 2162.82 2883.72 2128.85 
  80 2264.09 2744.52 2162.82 
  81 2328.20 3209.82 2264.09 
  82 2302.81 3378.52 2328.20 
  83 2356.45 3093.44 2328.20 
  84 2444.99 2845.06 2356.45 
  85 2389.58 2873.90 2444.99 
  86 2516.40 3040.58 2444.99 
  87 2618.13 2998.44 2516.40 
  88 2684.45 3068.67 2618.13 
  89 2670.46 3095.59 2684.45 
  90 2840.63 3291.16 2684.45 
  91 2779.78 3076.35 2840.63 
  92 2869.42 3181.20 2840.63 
  93 3018.03 3183.10 2869.42 
  94 3030.01 3266.43 3018.03 
  95 3001.74 2743.60 3030.01 
  96 3125.11 3082.74 3030.01 
  97 3219.56 2846.79 3125.11 
  98 3185.19 3283.16 3219.56 
  99 3023.96 3043.96 3219.56 
  76 1921.03 2844.52 -100000000.00 
  77 1908.39 2868.00 1921.03 
  78 2203.00 2969.31 1921.03 
  79 2048.54 3068.65 2203.00 
  80 2207.23 2953.84 2203.00 
  81 2341.94 2724.63 2207.23 
  82 2392.39 3100.22 2341.94 
  83 2549.42 3078.13 2392.39 
  84 2410.16 3268.87 2549.42 
  85 2623.67 3405.94 2549.42 
  86 2607.62 3298.98 2623.67 
  87 2765.45 3232.15 2623.67 
  88 2819.03 3403.06 2765.45 
  89 2707.10 3326.48 2819.03 
  90 2907.34 3239.64 2819.03 
  91 2824.58 3371.84 2907.34 
  92 2992.62 3283.44 2907.34 
  93 2975.45 3495.36 2992.62 
  94 2954.40 3511.49 2992.62 
  95 2956.90 3319.29 2992.62 
  96 3016.26 3360.86 2992.62 
  97 3219.75 3524.92 3016.26 
  98 3144.89 3386.67 3219.75 
  99 3235.75 3458.25 3219.75 
 100 3188.05 3568.35 3235.75 
 101 3190.46 3511.79 3235.75 
 102 3282.34 3550.51 3235.75 
 103 3234.82 3566.34 3282.34 
 104 3187.73 3579.87 3282.34 
 105 3403.90 3476.16 3282.34 
 106 3526.22 3642.91 3403.90 
 107 3307.25 3700.50 3526.22 
 108 3488.53 3553.78 3526.22 
 109 3514.93 3544.96 3526.22 
 110 3637.15 3642.27 3526.22 
 111 3581.51 3742.75 3637.15 
 112 3614.27 3631.65 3637.15 
 113 3628.10 3733.70 3637.15 
 114 3525.56 3712.57 3637.15 
 115 3725.59 3776.76 3637.15 
 116 3754.36 3807.05 3725.59 
 117 3616.43 3692.54 3754.36 
 118 3662.87 3770.36 3754.36 
 119 3548.59 3884.82 3754.36 
 120 3673.91 3877.29 3754.36 
 121 3771.45 3814.52 3754.36 
 122 3817.95 3904.83 3771.45 
 123 3729.04 3836.88 3817.95 
 124 3861.27 3767.83 3817.95 
 125 3910.68 3909.86 3861.27 
 126 3800.04 3937.62 3910.68 
 127 3697.29 3781.99 3910.68 
 128 3926.93 3926.62 3910.68 
 129 3839.48 3844.40 3926.93 
 130 3859.78 3883.18 3926.93 
 131 3854.82 3937.77 3926.93 
 132 3910.37 3870.11 3926.93 
 133 3915.91 3898.19 3926.93 
 134 3927.85 3766.81 3926.93 
 135 3784.37 3995.08 3927.85 
 136 3957.86 4040.80 3927.85 
 137 3929.34 4044.17 3957.86 
 138 3890.92 3986.23 3957.86 
 139 3996.14 4057.96 3957.86 
 140 3931.01 4073.30 3996.14 
 141 3910.09 3977.83 3996.14 
 142 3894.20 3951.28 3996.14 
 143 4017.07 3636.53 3996.14 
 144 3975.01 3592.78 4017.07 
 145 3932.88 3675.82 4017.07 
 146 4021.48 3792.71 4017.07 
 147 4181.35 3756.53 4021.48 
 148 3942.37 3604.95 4181.35 
 149 4030.07 3746.56 4181.35 
 150 3970.43 3877.15 4181.35 
 151 3962.24 3760.18 4181.35 
 152 3921.29 3850.45 4181.35 
 153 4061.92 3751.71 4181.35 
 154 4036.67 3892.90 4181.35 
 155 4009.94 3770.67 4181.35 
 156 4024.04 3904.69 4181.35 
 157 4155.29 3870.46 4181.35 
 158 4164.81 3802.54 4181.35 
 159 4096.87 3703.07 4181.35 
 160 4115.62 3519.01 4181.35 
 161 4170.46 3555.03 4181.35 
 162 4149.32 3630.54 4181.35 
 163 4176.68 3527.65 4181.35 
 164 4213.17 3497.38 4181.35 
 165 4287.33 3486.41 4213.17 
 166 4250.63 3637.87 4287.33 
 167 4256.23 3541.03 4287.33 
 168 4296.86 3673.40 4287.33 
 169 4257.14 3691.04 4296.86 
 170 4286.80 3775.22 4296.86 
 171 4289.13 3865.47 4296.86 
 172 4368.93 3860.19 4296.86 
 173 4386.17 3856.06 4368.93 
 174 4267.34 3630.05 4386.17 
 175 4261.37 3801.14 4386.17 
 176 4291.38 3728.08 4386.17 
 177 4286.46 3817.12 4386.17 
 178 4367.36 3947.96 4386.17 
 179 4376.42 3947.10 4386.17 
 180 4301.54 3925.96 4386.17 
 181 4286.38 3989.28 4386.17 
 182 4326.02 3868.26 4386.17 
 183 4279.66 4047.89 4386.17 
 184 4474.56 4184.22 4386.17 
 185 4437.68 3862.29 4474.56 
 186 4347.91 3945.39 4474.56 
 187 4419.45 3873.15 4474.56 
 188 4337.48 3979.80 4474.56 
 189 4387.07 3848.82 4474.56 
 190 4352.50 3925.02 4474.56 
 191 4414.77 4058.24 4474.56 
 192 4307.68 4095.76 4474.56 
 193 4426.90 4022.64 4474.56 
 194 4429.50 3997.01 4474.56 
 195 4458.91 4075.96 4474.56 
 196 4339.40 4055.68 4474.56 
 197 4396.02 4049.66 4474.56 
 198 4384.03 4141.07 4474.56 
 199 4425.55 4205.35 4474.56 
 176 4291.72 3896.05 -100000000.00 
 177 4347.56 3996.80 4291.72 
 178 4336.03 3825.96 4347.56 
 179 4261.63 4114.14 4347.56 
 180 4329.15 4105.87 4347.56 
 181 4344.40 3906.39 4347.56 
 182 4344.62 3941.22 4347.56 
 183 4270.54 4103.94 4347.56 
 184 4268.32 4048.85 4347.56 
 185 4343.95 4109.26 4347.56 
 186 4306.78 3837.49 4347.56 
 187 4386.25 3972.69 4347.56 
 188 4390.35 3956.68 4386.25 
 189 4362.51 4123.07 4390.35 
 190 4447.04 4164.13 4390.35 
 191 4405.91 4213.86 4447.04 
 192 4416.34 4148.19 4447.04 
 193 4372.98 4191.40 4447.04 
 194 4498.62 4210.88 4447.04 
 195 4409.97 4148.62 4498.62 
 196 4424.33 4131.30 4498.62 
 197 4409.18 4216.99 4498.62 
 198 4449.79 4185.99 4498.62 
 199 4540.61 4178.09 4498.62 
 200 4431.72 4152.15 4540.61 
 201 4295.06 4153.47 4540.61 
 202 4486.99 4210.97 4540.61 
 203 4430.41 4266.66 4540.61 
 204 4354.73 4190.73 4540.61 
 205 4448.44 4419.17 4540.61 
 206 4533.78 4438.94 4540.61 
 207 4444.24 4237.12 4540.61 
 208 4469.38 4206.75 4540.61 
 209 4391.34 4246.07 4540.61 
 210 4514.16 4245.24 4540.61 
 211 4502.06 4285.15 4540.61 
 212 4519.56 4071.82 4540.61 
 213 4563.04 4107.01 4540.61 
 214 4567.69 4302.83 4563.04 
 215 4603.34 4018.31 4567.69 
 216 4541.32 3976.78 4603.34 
 217 4646.14 4179.23 4603.34 
 218 4573.01 4118.48 4646.14 
 219 4595.26 4107.02 4646.14 
 220 4633.99 4279.06 4646.14 
 221 4472.62 4295.98 4646.14 
 222 4571.43 4297.55 4646.14 
 223 4506.84 4543.99 4646.14 
 224 4616.07 4496.30 4646.14 
 225 4642.34 4566.39 4646.14 
 226 4575.14 4425.03 4646.14 
 227 4535.52 4237.57 4646.14 
 228 4581.71 4235.57 4646.14 
 229 4581.85 4203.85 4646.14 
 230 4604.23 4130.08 4646.14 
 231 4640.82 4194.23 4646.14 
 232 4617.96 4015.95 4646.14 
 233 4608.59 4027.26 4646.14 
 234 4575.84 3945.30 4646.14 
 235 4603.35 3949.81 4646.14 
 236 4636.97 3787.76 4646.14 
 237 4638.32 4090.11 4646.14 
 238 4623.01 3836.81 4646.14 
 239 4568.08 3882.78 4646.14 
 240 4435.40 3712.58 4646.14 
 241 4570.92 4150.92 4646.14 
 242 4580.26 3811.68 4646.14 
 243 4620.40 4128.98 4646.14 
 244 4647.45 4295.98 4646.14 
 245 4624.08 4172.98 4647.45 
 246 4684.95 4221.83 4647.45 
 247 4651.35 4166.53 4684.95 
 248 4650.93 4284.05 4684.95 
 249 4702.80 4101.76 4684.95 
 250 4532.38 4235.71 4702.80 
 251 4631.14 4325.30 4702.80 
 252 4583.77 4094.37 4702.80 
 253 4708.10 3907.61 4702.80 
 254 4658.04 3991.52 4708.10 
 255 4656.78 3896.33 4708.10 
 256 4710.76 4095.79 4708.10 
 257 4707.26 4148.10 4710.76 
 258 4636.10 4236.09 4710.76 
 259 4557.82 4351.64 4710.76 
 260 4637.31 4357.82 4710.76 
 261 4687.59 4312.99 4710.76 
 262 4621.74 4266.35 4710.76 
 263 4666.59 4520.13 4710.76 
 264 4638.94 4573.22 4710.76 
 265 4670.38 4380.60 4710.76 
 266 4705.01 4375.18 4710.76 
 267 4700.89 4350.26 4710.76 
 268 4720.36 4343.01 4710.76 
 269 4767.95 4165.90 4720.36 
 270 4740.75 4184.07 4767.95 
 271 4695.36 4305.49 4767.95 
 272 4690.20 4303.14 4767.95 
 273 4810.71 4368.69 4767.95 
 274 4715.45 4313.38 4810.71 
 275 4630.48 4003.50 4810.71 
 276 4704.13 4044.80 4810.71 
 277 4725.74 4173.32 4810.71 
 278 4753.82 4377.16 4810.71 
 279 4722.30 4572.63 4810.71 
 280 4761.09 4252.70 4810.71 
 281 4518.24 4567.67 4810.71 
 282 4599.23 4577.29 4810.71 
 283 4621.26 4553.01 4810.71 
 284 4784.03 4623.02 4810.71 
 285 4792.59 4542.31 4810.71 
 286 4696.46 4553.57 4810.71 
 287 4748.27 4590.75 4810.71 
 288 4691.37 4589.58 4810.71 
 289 4755.69 4635.83 4810.71 
 290 4713.56 4656.87 4810.71 
 291 4756.87 4679.58 4810.71 
 292 4642.77 4557.07 4810.71 
 293 4715.75 4571.53 4810.71 
 294 4771.39 4621.62 4810.71 
 295 4807.15 4557.54 4810.71 
 296 4711.91 4557.27 4810.71 
 297 4794.42 4685.07 4810.71 
 298 4803.51 4518.44 4810.71 
 299 4808.46 4432.70 4810.71 
 276 4705.18 4104.43 -100000000.00 
 277 4721.80 4108.98 4705.18 
 278 4735.61 4322.78 4721.80 
 279 4669.50 4114.71 4735.61 
 280 4694.91 4340.59 4735.61 
 281 4632.92 4034.68 4735.61 
 282 4763.17 4321.16 4735.61 
 283 4715.83 3868.46 4763.17 
 284 4599.63 4235.49 4763.17 
 285 4749.22 4205.22 4763.17 
 286 4578.13 3949.45 4763.17 
 287 4675.25 4026.38 4763.17 
 288 4721.91 3750.05 4763.17 
 289 4680.55 3788.80 4763.17 
 290 4674.93 4161.58 4763.17 
 291 4687.33 4231.14 4763.17 
 292 4645.38 4208.57 4763.17 
 293 4672.70 4182.85 4763.17 
 294 4799.16 4304.06 4763.17 
 295 4758.22 4099.32 4799.16 
 296 4679.33 4091.73 4799.16 
 297 4645.65 4050.60 4799.16 
 298 4773.89 3962.88 4799.16 
 299 4830.49 3949.54 4799.16 
 300 4736.56 3953.91 4830.49 
 301 4682.72 3647.90 4830.49 
 302 4733.87 3798.71 4830.49 
 303 4688.03 3845.14 4830.49 
 304 4725.91 3759.26 4830.49 
 305 4730.50 3878.97 4830.49 
 306 4745.40 3982.93 4830.49 
 307 4700.45 3719.84 4830.49 
 308 4762.25 3551.62 4830.49 
 309 4713.65 3752.58 4830.49 
 310 4789.45 3843.74 4830.49 
 311 4745.82 4041.20 4830.49 
 312 4799.33 4224.20 4830.49 
 313 4749.75 4343.59 4830.49 
 314 4682.11 4330.15 4830.49 
 315 4766.84 4252.20 4830.49 
 316 4812.83 4094.45 4830.49 
 317 4862.49 3975.79 4830.49 
 318 4781.06 3975.41 4862.49 
 319 4804.48 3896.05 4862.49 
 320 4850.71 4153.75 4862.49 
 321 4830.64 4146.89 4862.49 
 322 4821.18 4052.43 4862.49 
 323 4701.97 4397.98 4862.49 
 324 4819.80 4721.24 4862.49 
 325 4851.73 4433.51 4862.49 
 326 4768.38 4462.27 4862.49 
 327 4804.55 4619.37 4862.49 
 328 4707.79 4490.40 4862.49 
 329 4756.50 4462.86 4862.49 
 330 4759.21 4445.17 4862.49 
 331 4826.59 4270.81 4862.49 
 332 4737.95 4436.65 4862.49 
 333 4762.82 4413.31 4862.49 
 334 4777.03 4570.42 4862.49 
 335 4811.92 4700.54 4862.49 
 336 4779.64 4442.25 4862.49 
 337 4840.86 4628.49 4862.49 
 338 4851.27 4486.20 4862.49 
 339 4754.65 4584.30 4862.49 
 340 4762.24 4580.70 4862.49 
 341 4886.87 4545.09 4862.49 
 342 4863.74 4573.78 4886.87 
 343 4812.77 4407.37 4886.87 
 344 4844.85 4442.95 4886.87 
 345 4778.83 4264.16 4886.87 
 346 4839.10 4279.92 4886.87 
 347 4850.62 4421.31 4886.87 
 348 4791.93 4569.46 4886.87 
 349 4789.53 4536.24 4886.87 
 350 4828.27 4551.16 4886.87 
 351 4879.15 4593.84 4886.87 
 352 4839.21 4643.99 4886.87 
 353 4849.53 4497.80 4886.87 
 354 4908.96 4656.01 4886.87 
 355 4749.97 4679.00 4908.96 
 356 4919.51 4687.05 4908.96 
 357 4901.53 4771.01 4919.51 
 358 4904.38 4866.67 4919.51 
 359 4828.57 4790.02 4919.51 
 360 4829.91 4876.46 4919.51 
 361 4851.19 4770.99 4919.51 
 362 4821.48 4788.69 4919.51 
 363 4775.14 4787.99 4919.51 
 364 4899.70 4686.59 4919.51 
 365 4889.20 4714.39 4919.51 
 366 4824.74 4638.64 4919.51 
 367 4899.54 4811.10 4919.51 
 368 4886.38 4825.93 4919.51 
 369 4806.84 4891.85 4919.51 
 370 4903.26 4886.61 4919.51 
 371 4903.43 4911.05 4919.51 
 372 4867.39 4918.72 4919.51 
 373 4875.01 4907.01 4919.51 
 374 4776.23 4893.01 4919.51 
 375 4841.44 4857.11 4919.51 
 376 4676.42 4733.06 4919.51 
 377 4888.68 4914.32 4919.51 
 378 4858.51 4854.84 4919.51 
 379 4806.65 4799.54 4919.51 
 380 4902.58 4728.76 4919.51 
 381 4748.74 4706.04 4919.51 
 382 4839.57 4807.37 4919.51 
 383 4772.38 4556.19 4919.51 
 384 4915.86 4811.00 4919.51 
 385 4862.93 4852.76 4919.51 
 386 4866.12 4620.03 4919.51 
 387 4884.71 4641.95 4919.51 
 388 4808.62 4828.21 4919.51 
 389 4837.47 4880.03 4919.51 
 390 4956.99 4647.35 4919.51 
 391 4880.11 4625.85 4956.99 
 392 4882.85 4708.52 4956.99 
 393 4873.40 4612.01 4956.99 
 394 4856.37 4744.64 4956.99 
 395 4859.53 4831.06 4956.99 
 396 4771.09 4766.68 4956.99 
 397 4936.57 4691.75 4956.99 
 398 4870.44 4623.51 4956.99 
 399 4862.46 4736.64 4956.99 
 376 4904.66 4842.68 -100000000.00 
 377 4837.39 4907.64 4904.66 
 378 4873.69 4900.45 4904.66 
 379 4793.40 4852.17 4904.66 
 380 4881.29 4771.43 4904.66 
 381 4832.07 4889.22 4904.66 
 382 4847.41 4924.13 4904.66 
 383 4832.17 4877.23 4904.66 
 384 4833.50 4866.20 4904.66 
 385 4871.01 4855.14 4904.66 
 386 4770.22 4916.96 4904.66 
 387 4919.93 4824.09 4904.66 
 388 4910.24 4873.06 4919.93 
 389 4886.41 4600.65 4919.93 
 390 4918.68 4421.00 4919.93 
 391 4887.23 4436.45 4919.93 
 392 4791.93 4565.14 4919.93 
 393 4844.27 4635.47 4919.93 
 394 4928.55 4888.55 4919.93 
 395 4821.46 4879.55 4928.55 
 396 4951.18 4927.94 4928.55 
 397 4909.55 4914.98 4951.18 
 398 4894.49 4887.21 4951.18 
 399 4951.54 4858.67 4951.18 
 400 4908.15 4784.66 4951.54 
 401 4884.97 4650.33 4951.54 
 402 4890.09 4772.71 4951.54 
 403 4835.62 4862.83 4951.54 
 404 4847.01 4739.85 4951.54 
 405 4884.19 4387.01 4951.54 
 406 4852.68 4601.23 4951.54 
 407 4892.68 4671.76 4951.54 
 408 4967.92 4746.75 4951.54 
 409 4874.78 4848.59 4967.92 
 410 4916.27 4937.06 4967.92 
 411 4908.53 4953.26 4967.92 
 412 4879.32 4894.61 4967.92 
 413 4917.51 4696.21 4967.92 
 414 4946.24 4941.09 4967.92 
 415 4872.46 4950.11 4967.92 
 416 4871.91 4982.72 4967.92 
 417 4960.42 4991.83 4967.92 
 418 4916.62 4969.81 4967.92 
 419 4946.34 4947.05 4967.92 
 420 4918.57 4904.17 4967.92 
 421 4926.08 4931.79 4967.92 
 422 4879.78 4922.32 4967.92 
 423 4918.24 4928.50 4967.92 
 424 4880.22 4833.16 4967.92 
 425 4922.72 4934.14 4967.92 
 426 4849.79 4891.87 4967.92 
 427 4932.76 4943.18 4967.92 
 428 4967.85 4874.39 4967.92 
 429 4950.16 4851.49 4967.92 
 430 4992.57 4830.48 4967.92 
 431 4960.63 4891.31 4992.57 
 432 4988.93 4914.42 4992.57 
 433 4917.27 4675.03 4992.57 
 434 4943.47 4773.55 4992.57 
 435 4967.73 4831.88 4992.57 
 436 4971.76 4870.59 4992.57 
 437 4934.11 5000.30 4992.57 
 438 4925.32 4967.63 4992.57 
 439 4942.40 4846.88 4992.57 
 440 4874.29 4953.89 4992.57 
 441 4974.74 4929.08 4992.57 
 442 4877.96 4924.33 4992.57 
 443 4868.90 4950.70 4992.57 
 444 4981.41 4970.81 4992.57 
 445 4870.95 4927.86 4992.57 
 446 4959.92 4901.31 4992.57 
 447 5016.40 4876.04 4992.57 
 448 4891.73 4937.92 5016.40 
 449 4972.47 4924.39 5016.40 
 450 4909.23 4937.60 5016.40 
 451 4937.47 4930.08 5016.40 
 452 4933.87 4963.43 5016.40 
 453 4955.89 4950.18 5016.40 
 454 5009.69 5004.48 5016.40 
 455 4939.27 4920.96 5016.40 
 456 5035.64 4900.32 5016.40 
 457 4920.43 4899.87 5035.64 
 458 4964.11 4885.17 5035.64 
 459 4922.68 4908.24 5035.64 
 460 4996.89 5008.79 5035.64 
 461 4960.89 4944.12 5035.64 
 462 4829.01 5031.58 5035.64 
 463 4840.42 5045.52 5035.64 
 464 4996.43 5044.61 5035.64 
 465 5019.56 5029.62 5035.64 
 466 4912.17 5026.30 5035.64 
 467 5005.23 5027.98 5035.64 
 468 4933.63 5029.11 5035.64 
 469 4994.29 5030.23 5035.64 
 470 5037.08 5060.48 5035.64 
 471 5023.38 5056.52 5037.08 
 472 4997.98 5020.17 5037.08 
 473 5014.74 4987.21 5037.08 
 474 4964.41 4864.61 5037.08 
 475 5000.89 5022.09 5037.08 
 476 4953.65 5038.39 5037.08 
 477 4978.97 5056.05 5037.08 
 478 5007.24 5027.75 5037.08 
 479 5051.11 5054.58 5037.08 
 480 5000.59 4999.06 5051.11 
 481 4953.07 5036.52 5051.11 
 482 5012.48 4951.06 5051.11 
 483 5001.42 5019.56 5051.11 
 484 5122.37 5047.11 5051.11 
 485 5088.03 5048.13 5122.37 
 486 4969.22 5029.81 5122.37 
 487 5061.66 5051.03 5122.37 
 488 5078.17 4999.14 5122.37 
 489 5046.59 4926.69 5122.37 
 490 5061.60 4911.43 5122.37 
 491 5055.76 5035.53 5122.37 
 492 5065.26 5044.88 5122.37 
 493 5031.11 5030.44 5122.37 
 494 5065.66 4848.22 5122.37 
 495 5039.44 4988.91 5122.37 
 496 4972.38 4976.90 5122.37 
 497 5059.84 4888.13 5122.37 
 498 4938.68 4759.65 5122.37 
 499 4943.40 4960.71 5122.37 
 500 4978.80 5016.36 5122.37 
 501 4985.08 5012.88 5122.37 
 502 4995.53 5002.56 5122.37 
 503 5025.15 4914.17 5122.37 
 504 5050.38 4993.78 5122.37 
 505 5096.58 5026.48 5122.37 
 506 5051.53 5003.55 5122.37 
 507 5000.47 4975.80 5122.37 
 508 5044.11 4902.63 5122.37 
 509 5037.04 4885.37 5122.37 
 510 5037.27 4878.26 5122.37 
 511 5061.23 4966.70 5122.37 
 512 5022.27 4988.77 5122.37 
 513 5060.52 5030.33 5122.37 
 514 5055.47 5035.52 5122.37 
 515 4952.69 4968.84 5122.37 
 516 5057.52 5022.07 5122.37 
 517 5039.91 5065.27 5122.37 
 518 4997.31 5046.74 5122.37 
 519 4984.11 5073.07 5122.37 
 520 5014.94 5030.79 5122.37 
 521 4991.25 4946.96 5122.37 
 522 5040.28 4854.02 5122.37 
 523 4972.53 4887.75 5122.37 
 524 5043.72 4963.16 5122.37 
 525 5118.21 5053.52 5122.37 
 526 5029.73 5057.56 5122.37 
 527 4970.27 4814.82 5122.37 
 528 4967.26 4873.83 5122.37 
 529 4966.24 4925.23 5122.37 
 530 5012.21 4882.31 5122.37 
 531 4998.30 4794.61 5122.37 
 532 4992.30 4876.47 5122.37 
 533 5010.05 4858.85 5122.37 
 534 4988.63 4822.15 5122.37 
 535 4977.53 4851.13 5122.37 
 536 5043.88 4953.77 5122.37 
 537 4984.99 5019.30 5122.37 
 538 4937.68 5054.29 5122.37 
 539 4976.15 5051.79 5122.37 
 540 5003.00 5059.53 5122.37 
 541 5060.97 5033.81 5122.37 
 542 4944.26 5053.63 5122.37 
 543 5030.41 5071.30 5122.37 
 544 5077.94 5075.94 5122.37 
 545 4991.45 5088.80 5122.37 
 546 5049.06 5058.34 5122.37 
 547 5025.74 4938.51 5122.37 
 548 5026.19 4911.21 5122.37 
 549 5067.67 4937.34 5122.37 
 550 5071.10 4922.17 5122.37 
 551 5014.40 4947.57 5122.37 
 552 5070.51 5080.39 5122.37 
 553 5047.76 5098.26 5122.37 
 554 5067.48 5077.38 5122.37 
 555 5041.80 5083.32 5122.37 
 556 5039.98 4995.98 5122.37 
 557 5076.28 5064.72 5122.37 
 558 5080.94 5053.01 5122.37 
 559 5085.25 5087.08 5122.37 
 560 5050.75 5074.18 5122.37 
 561 5053.25 5110.78 5122.37 
 562 5058.46 5098.58 5122.37 
 563 5096.17 5103.43 5122.37 
 564 5095.65 5058.89 5122.37 
 565 4995.92 5006.90 5122.37 
 566 5102.93 5084.86 5122.37 
 567 5081.29 5084.18 5122.37 
 568 5115.06 5068.28 5122.37 
 569 5032.48 5067.87 5122.37 
 570 5056.56 4878.61 5122.37 
 571 5073.53 4908.47 5122.37 
 572 5037.90 5047.66 5122.37 
 573 4962.24 5003.61 5122.37 
 574 4986.67 4981.28 5122.37 
 575 5048.99 4922.33 5122.37 
 576 5056.51 4906.91 5122.37 
 577 5112.18 4987.56 5122.37 
 578 5062.79 5005.17 5122.37 
 579 5085.24 5104.15 5122.37 
 580 4987.34 5090.74 5122.37 
 581 5038.94 5079.02 5122.37 
 582 5070.36 5022.84 5122.37 
 583 5129.27 5079.87 5122.37 
 584 4965.47 5052.22 5129.27 
 585 5107.83 5098.59 5129.27 
 586 4986.47 5056.66 5129.27 
 587 5106.48 5063.61 5129.27 
 588 5055.76 5024.16 5129.27 
 589 5112.91 5079.40 5129.27 
 590 5076.47 5079.26 5129.27 
 591 5068.42 5081.53 5129.27 
 592 5093.79 5025.03 5129.27 
 593 5095.37 5046.81 5129.27 
 594 5090.62 4856.13 5129.27 
 595 5053.89 5050.89 5129.27 
 596 5081.42 5082.08 5129.27 
 597 5096.70 5081.81 5129.27 
 598 5123.08 5040.67 5129.27 
 599 5113.92 5058.86 5129.27 
 576 5063.24 5107.85 -100000000.00 
 577 5142.42 5108.22 5063.24 
 578 5140.74 5113.09 5142.42 
 579 5029.28 4968.00 5142.42 
 580 5127.98 5088.02 5142.42 
 581 5136.09 4989.67 5142.42 
 582 5134.55 4965.55 5142.42 
 583 5027.70 5111.47 5142.42 
 584 5058.37 5097.75 5142.42 
 585 5108.72 5090.15 5142.42 
 586 5027.37 5091.30 5142.42 
 587 5095.68 5107.88 5142.42 
 588 5108.24 5095.63 5142.42 
 589 5106.82 5027.77 5142.42 
 590 5058.58 4947.33 5142.42 
 591 4988.08 4899.51 5142.42 
 592 5054.31 4998.73 5142.42 
 593 5029.06 5142.41 5142.42 
 594 5134.98 5128.24 5142.42 
 595 5104.31 5123.40 5142.42 
 596 5111.98 5127.51 5142.42 
 597 5114.02 4895.90 5142.42 
 598 5120.00 4945.88 5142.42 
 599 5086.03 4975.31 5142.42 
 600 5047.75 4998.05 5142.42 
 601 5044.78 4972.95 5142.42 
 602 5068.17 4827.97 5142.42 
 603 5018.93 5178.37 5142.42 
 604 5068.27 4936.45 5142.42 
 605 5045.35 4963.75 5142.42 
 606 5129.89 5103.63 5142.42 
 607 5040.76 5142.87 5142.42 
 608 5142.00 5109.61 5142.42 
 609 5097.84 5123.16 5142.42 
 610 5162.76 5155.93 5142.42 
 611 5103.84 5158.29 5162.76 
 612 5148.06 5142.28 5162.76 
 613 5110.87 5140.74 5162.76 
 614 5031.76 5151.97 5162.76 
 615 5146.63 5131.12 5162.76 
 616 5144.50 5135.16 5162.76 
 617 5117.13 5012.72 5162.76 
 618 5078.93 5124.56 5162.76 
 619 5062.99 4867.17 5162.76 
 620 4981.36 5135.14 5162.76 
 621 4977.98 5126.04 5162.76 
 622 5101.41 5090.83 5162.76 
 623 5156.79 5136.35 5162.76 
 624 5102.50 5127.56 5162.76 
 625 5162.49 5105.21 5162.76 
 626 5133.63 4970.02 5162.76 
 627 5087.95 5134.24 5162.76 
 628 5092.36 4999.16 5162.76 
 629 5099.74 5109.52 5162.76 
 630 5088.67 5082.90 5162.76 
 631 5132.83 5109.25 5162.76 
 632 5105.45 5095.71 5162.76 
 633 5134.44 5125.69 5162.76 
 634 5136.75 5129.85 5162.76 
 635 5129.47 5127.10 5162.76 
 636 5168.10 5138.96 5162.76 
 637 5144.50 5125.51 5168.10 
 638 5134.42 5081.02 5168.10 
 639 5154.90 5026.58 5168.10 
 640 5075.31 5146.52 5168.10 
 641 5094.73 5041.81 5168.10 
 642 5101.63 4994.97 5168.10 
 643 5114.40 4995.86 5168.10 
 644 5126.03 5096.07 5168.10 
 645 5040.51 4987.41 5168.10 
 646 5150.71 4838.27 5168.10 
 647 5198.61 5095.23 5168.10 
 648 5163.04 5035.55 5198.61 
 649 5135.55 5046.29 5198.61 
 650 5163.62 5037.79 5198.61 
 651 5123.39 5067.53 5198.61 
 652 5124.64 4865.35 5198.61 
 653 5195.20 5041.10 5198.61 
 654 5141.41 5012.38 5198.61 
 655 5096.46 5134.63 5198.61 
 656 5209.02 4964.17 5198.61 
 657 5159.51 4912.02 5209.02 
 658 5140.52 5018.89 5209.02 
 659 5096.06 5167.13 5209.02 
 660 5141.49 5049.22 5209.02 
 661 5175.85 5154.49 5209.02 
 662 5148.39 5151.68 5209.02 
 663 5131.66 5040.42 5209.02 
 664 5166.61 4965.45 5209.02 
 665 5167.93 4984.27 5209.02 
 666 5125.17 4966.72 5209.02 
 667 5097.65 5054.08 5209.02 
 668 5101.54 5055.94 5209.02 
 669 5087.35 5070.52 5209.02 
 670 5064.77 5143.39 5209.02 
 671 5115.28 5106.36 5209.02 
 672 5109.39 5151.86 5209.02 
 673 5016.89 5159.74 5209.02 
 674 5073.76 5142.41 5209.02 
 675 5190.93 5130.03 5209.02 
 676 5089.30 5145.95 5209.02 
 677 5135.99 5132.91 5209.02 
 678 5181.51 5148.80 5209.02 
 679 5146.82 5141.50 5209.02 
 680 5059.89 5179.17 5209.02 
 681 5066.74 5196.57 5209.02 
 682 5148.47 5182.39 5209.02 
 683 5074.46 5191.08 5209.02 
 684 5178.96 5187.00 5209.02 
 685 5117.58 5170.27 5209.02 
 686 5082.90 5177.67 5209.02 
 687 5188.88 5172.02 5209.02 
 688 5073.07 5155.88 5209.02 
 689 5123.58 5157.52 5209.02 
 690 5167.98 5141.30 5209.02 
 691 5125.16 5070.97 5209.02 
 692 5061.34 5069.44 5209.02 
 693 5141.22 5055.86 5209.02 
 694 5164.63 5050.10 5209.02 
 695 5139.21 5022.54 5209.02 
 696 5093.60 4962.65 5209.02 
 697 5192.92 5037.13 5209.02 
 698 5125.59 4944.96 5209.02 
 699 5089.65 5135.91 5209.02 
 700 5066.82 5135.94 5209.02 
 701 5068.11 5144.01 5209.02 
 702 5167.81 5116.56 5209.02 
 703 5103.73 5109.39 5209.02 
 704 5167.83 4969.02 5209.02 
 705 5100.94 5002.60 5209.02 
 706 5094.69 5023.80 5209.02 
 707 5170.21 5118.85 5209.02 
 708 5121.48 5161.31 5209.02 
 709 5085.80 5181.41 5209.02 
 710 5097.49 5192.81 5209.02 
 711 5166.84 5172.32 5209.02 
 712 5123.94 5179.98 5209.02 
 713 5171.23 5175.86 5209.02 
 714 5138.83 5180.87 5209.02 
 715 5071.57 5186.29 5209.02 
 716 5103.72 5144.87 5209.02 
 717 5161.20 5142.85 5209.02 
 718 5137.41 5031.92 5209.02 
 719 5143.28 5179.19 5209.02 
 720 5102.41 5108.59 5209.02 
 721 5197.02 5096.93 5209.02 
 722 5182.18 5114.71 5209.02 
 723 5168.64 5118.64 5209.02 
 724 5131.39 5127.91 5209.02 
 725 5192.51 5101.46 5209.02 
 726 5194.02 5144.39 5209.02 
 727 5167.40 5111.93 5209.02 
 728 5209.62 5051.72 5209.02 
 729 5151.17 5174.50 5209.62 
 730 5168.57 5187.90 5209.62 
 731 5173.79 5191.01 5209.62 
 732 5215.57 5142.33 5209.62 
 733 5176.93 5200.31 5215.57 
 734 5149.98 5181.08 5215.57 
 735 5108.14 5188.32 5215.57 
 736 5177.00 5230.49 5215.57 
 737 5147.28 5209.62 5215.57 
 738 5165.03 5205.87 5215.57 
 739 5173.77 5193.37 5215.57 
 740 5128.53 5190.06 5215.57 
 741 5205.46 5199.62 5215.57 
 742 5168.95 5222.58 5215.57 
 743 5144.08 5060.37 5215.57 
 744 5234.27 5215.79 5215.57 
 745 5160.55 5095.26 5234.27 
 746 5150.10 5107.07 5234.27 
 747 5090.22 5225.91 5234.27 
 748 5165.07 5101.73 5234.27 
 749 5189.67 5245.59 5234.27 
 750 5206.30 5237.59 5234.27 
 751 5149.71 5224.22 5234.27 
 752 5154.56 5190.17 5234.27 
 753 5133.39 5078.39 5234.27 
 754 5209.02 5186.76 5234.27 
 755 5168.89 5189.02 5234.27 
 756 5190.41 5190.02 5234.27 
 757 5153.77 5197.91 5234.27 
 758 5205.74 5178.85 5234.27 
 759 5192.02 5187.67 5234.27 
 760 5212.79 5167.90 5234.27 
 761 5155.34 5146.02 5234.27 
 762 5213.69 5201.69 5234.27 
 763 5176.14 5177.72 5234.27 
 764 5234.91 5191.84 5234.27 
 765 5162.38 5198.71 5234.91 
 766 5191.39 5161.77 5234.91 
 767 5199.33 5146.87 5234.91 
 768 5195.75 5153.01 5234.91 
 769 5170.42 5159.05 5234.91 
 770 5137.71 5170.01 5234.91 
 771 5136.42 5152.38 5234.91 
 772 5109.73 5179.93 5234.91 
 773 5066.25 5144.38 5234.91 
 774 5198.16 5174.38 5234.91 
 775 5141.49 5196.42 5234.91 
 776 5138.01 5187.57 5234.91 
 777 5202.40 5178.49 5234.91 
 778 5142.08 5171.02 5234.91 
 779 5224.34 5171.16 5234.91 
 780 5182.04 5174.00 5234.91 
 781 5142.36 5199.62 5234.91 
 782 5144.73 5193.37 5234.91 
 783 5225.55 5189.50 5234.91 
 784 5145.95 5111.46 5234.91 
 785 5125.44 5178.17 5234.91 
 786 5215.29 5157.87 5234.91 
 787 5196.15 5160.63 5234.91 
 788 5200.23 5138.42 5234.91 
 789 5224.27 5136.34 5234.91 
 790 5149.59 5148.15 5234.91 
 791 5205.08 5110.08 5234.91 
 792 5215.81 5084.85 5234.91 
 793 5196.53 5139.01 5234.91 
 794 5246.15 5128.10 5234.91 
 795 5211.02 5168.06 5246.15 
 796 5228.57 5169.84 5246.15 
 797 5160.46 5145.82 5246.15 
 798 5250.07 5183.84 5246.15 
 799 5214.07 5177.03 5250.07 
 776 5179.93 5183.17 -100000000.00 
 777 5158.88 5143.01 5179.93 
 778 5110.82 5181.72 5179.93 
 779 5143.09 5134.36 5179.93 
 780 5157.96 5185.74 5179.93 
 781 5108.52 5176.95 5179.93 
 782 5153.98 5186.89 5179.93 
 783 5145.49 5184.23 5179.93 
 784 5199.86 5172.98 5179.93 
 785 5199.47 5176.31 5199.86 
 786 5105.00 5134.26 5199.86 
 787 5201.02 5148.57 5199.86 
 788 5138.68 5139.10 5201.02 
 789 5173.70 5163.77 5201.02 
 790 5137.53 5167.94 5201.02 
 791 5112.64 5201.92 5201.02 
 792 5118.59 5196.15 5201.02 
 793 5144.80 5214.71 5201.02 
 794 5190.77 5196.97 5201.02 
 795 5220.64 5208.43 5201.02 
 796 5177.23 5219.02 5220.64 
 797 5234.26 5222.94 5220.64 
 798 5205.65 5231.15 5234.26 
 799 5208.50 5228.44 5234.26 
