Iter | Sampling Pol | Evaluation Pol | Best (Sampled) 
   0 121.08 -4.65 -100000000.00 
   1 95.37 -4.65 121.08 
   2 93.44 -5.13 121.08 
   3 78.05 -5.13 121.08 
   4 91.98  2.82 121.08 
   5 97.10  1.41 121.08 
   6 71.43  2.36 121.08 
   7 88.57  1.82 121.08 
   8 93.29  2.22 121.08 
   9 58.93 -1.08 121.08 
  10 86.97 -2.57 121.08 
  11 96.22 -3.03 121.08 
  12 38.13 -2.73 121.08 
  13 127.85 -4.37 121.08 
  14 46.09 -3.75 127.85 
  15 125.11 -3.35 127.85 
  16 30.98 -3.78 127.85 
  17 66.94 -3.16 127.85 
  18 82.78 -3.94 127.85 
  19 64.64  1.12 127.85 
  20 51.75  0.50 127.85 
  21 49.27  5.22 127.85 
  22 93.37  9.46 127.85 
  23 58.99 19.74 127.85 
  24 89.83 12.37 127.85 
