Iter | Sampling Pol | Evaluation Pol | Best (Sampled) 
   0 123.46 -4.70 -100000000.00 
   1 93.00 -4.99 123.46 
   2 97.25 -4.41 123.46 
   3 101.27 -3.50 123.46 
   4 77.61 -2.29 123.46 
   5 106.15 -3.64 123.46 
   6 45.86  2.92 123.46 
   7 122.79 -1.28 123.46 
   8 59.82 -2.90 123.46 
   9 85.42 -0.64 123.46 
  10 59.34 -1.15 123.46 
  11 116.46 -3.99 123.46 
  12 47.62 -2.53 123.46 
  13 104.36 -3.17 123.46 
  14 55.01 -4.04 123.46 
  15 76.59 -2.68 123.46 
  16 46.96 -1.40 123.46 
  17 99.72  1.88 123.46 
  18 51.67 -1.00 123.46 
  19 74.01  3.66 123.46 
  20 45.06  5.60 123.46 
  21 107.23 -4.23 123.46 
  22 40.02 -3.90 123.46 
  23 91.79 -2.12 123.46 
  24 73.98  1.24 123.46 
  25 48.49 -1.50 123.46 
  26 86.89  2.89 123.46 
  27 69.00  1.94 123.46 
  28 65.12  3.60 123.46 
  29 87.05  8.50 123.46 
  30 61.56  3.30 123.46 
  31 88.40  3.45 123.46 
  32 92.73  3.69 123.46 
  33 78.98  9.33 123.46 
  34 68.57 16.19 123.46 
