Iter | Sampling Pol | Evaluation Pol | Best (Sampled) 
   0 82.92 87.75 -100000000.00 
   1 94.77 94.14 82.92 
   2 93.50 99.63 94.77 
   3 99.11 95.71 94.77 
   4 123.57 93.12 99.11 
   5 100.31 97.82 123.57 
   6 129.72 92.54 123.57 
   7 111.79 152.85 129.72 
   8 112.94 189.29 129.72 
   9 142.83 189.68 129.72 
  10 146.93 169.55 142.83 
  11 140.86 243.16 146.93 
  12 193.80 244.35 146.93 
  13 160.25 226.17 193.80 
  14 196.00 215.74 193.80 
  15 192.29 234.15 196.00 
  16 214.55 229.90 196.00 
  17 233.83 298.68 214.55 
  18 255.56 290.95 233.83 
  19 294.70 326.31 255.56 
  20 318.07 445.05 294.70 
  21 375.42 591.89 318.07 
  22 367.81 528.15 375.42 
  23 383.01 637.16 375.42 
  24 513.33 610.72 383.01 
  25 468.70 799.26 513.33 
  26 639.60 855.27 513.33 
  27 684.94 799.43 639.60 
  28 659.92 851.80 684.94 
  29 749.58 1005.09 684.94 
  30 760.21 911.64 749.58 
  31 834.25 993.17 760.21 
  32 956.37 1258.45 834.25 
  33 912.48 1398.01 956.37 
  34 1064.20 1464.64 956.37 
  35 1176.05 1520.80 1064.20 
  36 1273.25 1458.38 1176.05 
  37 1180.77 1413.38 1273.25 
  38 1323.24 1345.21 1273.25 
  39 1244.92 1514.62 1323.24 
  40 1506.18 1665.14 1323.24 
  41 1529.83 1615.11 1506.18 
  42 1689.13 1897.25 1529.83 
  43 1656.12 1867.80 1689.13 
  44 1824.10 2213.79 1689.13 
  45 1838.06 2443.47 1824.10 
  46 2007.46 2321.84 1838.06 
  47 1931.30 2617.38 2007.46 
  48 2057.97 2649.94 2007.46 
  49 2141.89 2703.64 2057.97 
  50 2116.66 2548.66 2141.89 
  51 2155.82 2665.93 2141.89 
  52 2324.37 2721.57 2155.82 
  53 2489.75 2795.84 2324.37 
  54 2449.03 2870.76 2489.75 
  55 2462.81 2827.62 2489.75 
  56 2539.17 2887.27 2489.75 
  57 2678.90 3033.62 2539.17 
  58 2700.82 3099.40 2678.90 
  59 2468.27 3141.27 2700.82 
  60 2813.59 3364.40 2700.82 
  61 2781.50 3193.46 2813.59 
  62 2797.52 3396.90 2813.59 
  63 2908.47 3105.57 2813.59 
  64 3046.42 3132.70 2908.47 
  65 2948.27 3155.75 3046.42 
  66 3042.10 3236.52 3046.42 
  67 3067.18 3414.33 3046.42 
  68 3207.74 3489.59 3067.18 
  69 3051.79 3550.75 3207.74 
  70 3254.26 3519.75 3207.74 
  71 3262.50 3526.75 3254.26 
  72 3221.35 3499.70 3262.50 
  73 3317.64 3541.66 3262.50 
  74 3384.65 3559.97 3317.64 
  75 3411.04 3494.50 3384.65 
  76 3409.46 3650.94 3411.04 
  77 3496.29 3697.55 3411.04 
  78 3593.04 3597.69 3496.29 
  79 3487.69 3669.52 3593.04 
  80 3536.70 3748.26 3593.04 
  81 3517.38 3676.98 3593.04 
  82 3502.41 3777.75 3593.04 
  83 3557.74 3674.26 3593.04 
  84 3574.86 3657.48 3593.04 
  85 3561.43 3548.72 3593.04 
  86 3656.97 3701.36 3593.04 
  87 3663.41 3597.47 3656.97 
  88 3721.96 3635.05 3663.41 
  89 3604.34 3674.93 3721.96 
  90 3655.68 3850.35 3721.96 
  91 3726.58 3797.72 3721.96 
  92 3736.61 3758.75 3726.58 
  93 3781.09 3833.43 3736.61 
  94 3676.14 3879.40 3781.09 
  95 3799.09 3738.48 3781.09 
  96 3712.84 3921.88 3799.09 
  97 3770.30 3833.56 3799.09 
  98 3759.24 3934.16 3799.09 
  99 3758.65 3995.98 3799.09 
