Iter | Sampling Pol | Evaluation Pol | Best (Sampled) 
   0 -2.25 -4.64 -100000000.00 
   1 -3.61 -4.43 -2.25 
   2 -3.58 -4.10 -2.25 
   3 -1.67 -3.03 -2.25 
   4 -0.99 -0.57 -1.67 
   5 -1.14  0.36 -0.99 
   6  1.25  3.04 -0.99 
   7  8.18  1.46  1.25 
   8  3.31  0.10  8.18 
   9  0.61  4.64  8.18 
  10  2.55 22.73  8.18 
  11  2.35  8.86  8.18 
  12  3.41 33.66  8.18 
  13  3.83 68.27  8.18 
  14 11.65  6.47  8.18 
  15  4.18  3.81 11.65 
  16  5.15 60.90 11.65 
  17  3.23 19.04 11.65 
  18  9.90 22.90 11.65 
  19  5.83 10.74 11.65 
  20  7.71 24.65 11.65 
  21 14.41 24.53 11.65 
  22 18.15 32.07 14.41 
  23 10.65 26.92 18.15 
  24 13.36 29.95 18.15 
  25 14.05 43.51 18.15 
  26 22.35 80.50 18.15 
  27 20.45 47.91 22.35 
  28 24.31 55.47 22.35 
  29 29.32 58.41 24.31 
  30 33.31 46.41 29.32 
  31 32.45 55.03 33.31 
  32 36.46 53.92 33.31 
  33 30.99 58.21 36.46 
  34 40.55 82.17 36.46 
  35 46.58 73.76 40.55 
  36 41.34 79.81 46.58 
  37 49.40 98.73 46.58 
  38 55.87 103.07 49.40 
  39 56.49 109.96 55.87 
  40 61.38 89.81 56.49 
  41 74.29 107.72 61.38 
  42 80.82 160.09 74.29 
  43 70.28 149.79 80.82 
  44 103.03 163.46 80.82 
  45 79.84 158.51 103.03 
  46 82.16 172.82 103.03 
  47 87.29 182.64 103.03 
  48 96.49 299.35 103.03 
  49 122.67 387.60 103.03 
  50 116.81 492.96 122.67 
  51 135.95 445.77 122.67 
  52 120.65 421.14 135.95 
  53 145.81 368.81 135.95 
  54 150.36 401.16 145.81 
  55 144.54 377.50 150.36 
  56 155.49 454.62 150.36 
  57 201.53 498.84 155.49 
  58 200.20 485.01 201.53 
  59 239.41 510.17 201.53 
  60 195.29 661.33 239.41 
  61 244.14 654.15 239.41 
  62 237.41 536.15 244.14 
  63 280.84 838.22 244.14 
  64 333.54 872.84 280.84 
  65 301.34 708.42 333.54 
  66 344.56 1053.76 333.54 
  67 374.39 973.69 344.56 
  68 468.25 933.50 374.39 
  69 506.74 922.49 468.25 
  70 523.86 1135.13 506.74 
  71 551.96 1205.96 523.86 
  72 575.00 995.11 551.96 
  73 566.95 926.52 575.00 
  74 549.17 1223.41 575.00 
  75 825.16 1128.43 575.00 
  76 838.36 1205.27 825.16 
  77 884.09 1474.70 838.36 
  78 1032.88 1429.14 884.09 
  79 933.98 1661.21 1032.88 
  80 1140.63 1639.44 1032.88 
  81 1107.98 1838.83 1140.63 
  82 1167.18 2027.78 1140.63 
  83 1287.33 2185.34 1167.18 
  84 1416.75 2096.62 1287.33 
  85 1306.83 1980.68 1416.75 
  86 1437.59 1714.31 1416.75 
  87 1613.37 2246.60 1437.59 
  88 1789.48 2080.84 1613.37 
  89 1795.42 2224.01 1789.48 
  90 1825.44 2226.75 1795.42 
  91 1982.07 2087.03 1825.44 
  92 2032.36 2666.49 1982.07 
  93 2069.43 2800.81 2032.36 
  94 2063.49 2785.83 2069.43 
  95 2160.68 2747.16 2069.43 
  96 2256.77 2911.11 2160.68 
  97 2359.73 2841.16 2256.77 
  98 2395.09 2723.11 2359.73 
  99 2489.47 3064.00 2395.09 
