Iter | Sampling Pol | Evaluation Pol | Best (Sampled) 
   0 76.60 63.90 -100000000.00 
   1 68.41 80.69 76.60 
   2 74.31 103.48 76.60 
   3 75.28 94.67 76.60 
   4 89.35 106.30 76.60 
   5 82.43 107.29 89.35 
   6 95.20 106.30 89.35 
   7 120.27 118.60 95.20 
   8 99.80 191.24 120.27 
   9 93.53 100.29 120.27 
  10 102.44 106.11 120.27 
  11 94.46 145.18 120.27 
  12 130.49 235.31 120.27 
  13 136.21 209.52 130.49 
  14 150.87 292.16 136.21 
  15 159.01 489.01 150.87 
  16 146.63 367.39 159.01 
  17 168.24 488.37 159.01 
  18 237.65 439.80 168.24 
  19 195.53 358.71 237.65 
  20 251.58 298.71 237.65 
  21 309.78 402.92 251.58 
  22 302.67 494.13 309.78 
  23 306.84 571.97 309.78 
  24 355.73 525.28 309.78 
  25 391.88 452.15 355.73 
  26 450.68 548.84 391.88 
  27 503.89 595.53 450.68 
  28 448.08 779.22 503.89 
  29 585.89 943.25 503.89 
  30 642.31 1055.52 585.89 
  31 690.13 1065.42 642.31 
  32 843.43 1146.28 690.13 
  33 812.14 1401.82 843.43 
  34 899.21 1206.54 843.43 
  35 1054.60 1364.06 899.21 
  36 1117.07 1667.51 1054.60 
  37 1042.74 1537.12 1117.07 
  38 1242.06 1689.54 1117.07 
  39 1407.61 1939.65 1242.06 
  40 1445.23 1898.79 1407.61 
  41 1490.89 2458.57 1445.23 
  42 1612.34 2666.67 1490.89 
  43 1666.81 2350.96 1612.34 
  44 1729.91 2370.43 1666.81 
  45 1816.73 2678.19 1729.91 
  46 2020.53 2730.87 1816.73 
  47 1909.53 2685.63 2020.53 
  48 1888.67 2651.75 2020.53 
  49 2199.83 2785.29 2020.53 
  50 2143.34 2919.23 2199.83 
  51 2162.94 3077.33 2199.83 
  52 2265.49 3048.88 2199.83 
  53 2390.61 3175.97 2265.49 
  54 2405.15 3286.65 2390.61 
  55 2562.02 3471.73 2405.15 
  56 2499.21 3334.08 2562.02 
  57 2590.10 3351.80 2562.02 
  58 2670.69 3243.14 2590.10 
  59 2583.62 3366.52 2670.69 
  60 2781.56 3359.42 2670.69 
  61 2833.06 3396.66 2781.56 
  62 2801.91 3543.41 2833.06 
  63 2869.33 3499.81 2833.06 
  64 2947.83 3506.42 2869.33 
  65 2957.46 3462.71 2947.83 
  66 3029.88 3332.31 2957.46 
  67 3099.97 3380.32 3029.88 
  68 3210.57 3609.04 3099.97 
  69 3103.73 3617.53 3210.57 
  70 3318.53 3680.81 3210.57 
  71 3342.95 3816.63 3318.53 
  72 3311.61 3807.59 3342.95 
  73 3294.09 3782.52 3342.95 
  74 3478.85 3804.16 3342.95 
  75 3450.53 3921.29 3478.85 
  76 3454.49 3791.79 3478.85 
  77 3585.60 3776.11 3478.85 
  78 3705.30 3693.02 3585.60 
  79 3508.26 3734.81 3705.30 
  80 3528.50 3788.17 3705.30 
  81 3625.62 3955.43 3705.30 
  82 3579.07 3898.50 3705.30 
  83 3465.60 3539.57 3705.30 
  84 3481.44 3769.56 3705.30 
  85 3571.29 3733.65 3705.30 
  86 3637.47 3884.77 3705.30 
  87 3670.83 4042.64 3705.30 
  88 3808.45 3995.58 3705.30 
  89 3698.50 3819.45 3808.45 
  90 3721.50 3968.17 3808.45 
  91 3718.76 3808.49 3808.45 
  92 3867.93 3852.65 3808.45 
  93 3774.42 3931.67 3867.93 
  94 3728.16 4036.29 3867.93 
  95 3804.76 4063.61 3867.93 
  96 3691.32 4110.10 3867.93 
  97 3822.93 4017.23 3867.93 
  98 3742.63 3931.83 3867.93 
  99 3781.28 3942.21 3867.93 
