Iter | Sampling Pol | Evaluation Pol | Best (Sampled) 
   0 -4.34 -4.14 -100000000.00 
   1 -4.22 -3.93 -4.34 
   2 -4.05 -3.82 -4.22 
   3 -4.07 -3.64 -4.05 
   4 -3.97 -3.56 -4.05 
   5 -3.90 -3.50 -3.97 
   6 -3.80 -3.43 -3.90 
   7 -3.67 -3.40 -3.80 
   8 -3.78 -3.36 -3.67 
   9 -3.70 -3.21 -3.67 
  10 -3.41 -3.19 -3.67 
  11 -3.57 -3.11 -3.41 
  12 -3.20 -3.06 -3.41 
  13 -3.59 -2.99 -3.20 
  14 -3.24 -2.98 -3.20 
  15 -3.22 -2.94 -3.20 
  16 -3.11 -2.91 -3.20 
  17 -2.55 -2.92 -3.11 
  18 -0.67 -2.89 -2.55 
  19 -2.15  1.02 -0.67 
  20 -2.47  1.29 -0.67 
  21 -1.24  1.64 -0.67 
  22 -1.47 -2.87 -0.67 
  23 -2.16  4.21 -0.67 
  24 -0.36  4.10 -0.67 
  25 -1.20  3.81 -0.36 
  26 -2.00  0.78 -0.36 
  27 -1.01  0.63 -0.36 
  28  0.79  0.42 -0.36 
  29 -0.87  6.53  0.79 
  30 -0.71  5.70  0.79 
  31  1.92  5.20  0.79 
  32  2.90 11.94  1.92 
  33  3.99 22.95  2.90 
  34  1.19 19.89  3.99 
  35  6.11 23.71  3.99 
  36  6.28 12.57  6.11 
  37 13.29 76.26  6.28 
  38 29.11 57.37 13.29 
  39  7.95 55.67 29.11 
  40 17.07 26.41 29.11 
  41 18.09 40.56 29.11 
  42 18.44 50.61 29.11 
  43 16.27 37.96 29.11 
  44 19.63 51.21 29.11 
  45 22.36 43.69 29.11 
  46 35.33 57.43 29.11 
  47 22.45 39.82 35.33 
  48 28.69 34.00 35.33 
  49 50.97 46.16 35.33 
  50 31.99 119.09 50.97 
  51 37.19 142.50 50.97 
  52 35.29 114.31 50.97 
  53 37.82 92.92 50.97 
  54 54.29 122.29 50.97 
  55 51.21 107.73 54.29 
  56 96.25 146.30 54.29 
  57 67.25 119.72 96.25 
  58 53.82 101.19 96.25 
  59 76.77 136.09 96.25 
  60 72.54 91.80 96.25 
  61 78.87 139.98 96.25 
  62 86.60 115.60 96.25 
  63 107.09 165.78 96.25 
  64 116.60 160.11 107.09 
  65 101.84 143.44 116.60 
  66 114.98 118.76 116.60 
  67 115.31 126.54 116.60 
  68 129.56 133.82 116.60 
  69 103.33 131.65 129.56 
  70 134.28 224.39 129.56 
  71 127.28 181.12 134.28 
  72 150.14 233.03 134.28 
  73 215.03 241.74 150.14 
  74 166.22 198.97 215.03 
  75 158.64 317.97 215.03 
  76 176.63 407.31 215.03 
  77 242.00 398.03 215.03 
  78 218.42 337.24 242.00 
  79 179.23 396.00 242.00 
  80 345.40 403.80 242.00 
  81 290.33 409.88 345.40 
  82 310.48 374.21 345.40 
  83 292.80 518.85 345.40 
  84 354.23 723.00 345.40 
  85 322.57 432.27 354.23 
  86 509.75 478.32 354.23 
  87 400.32 532.97 509.75 
  88 483.91 731.53 509.75 
  89 462.85 778.71 509.75 
  90 474.51 694.65 509.75 
  91 533.31 627.39 509.75 
  92 516.75 569.65 533.31 
  93 558.13 628.62 533.31 
  94 656.04 825.60 558.13 
  95 767.53 780.87 656.04 
  96 636.48 846.77 767.53 
  97 696.86 771.38 767.53 
  98 809.58 798.84 767.53 
  99 647.30 946.04 809.58 
  76 229.06 417.07 -100000000.00 
  77 228.98 267.50 229.06 
  78 228.95 287.85 229.06 
  79 212.83 362.39 229.06 
  80 233.43 524.01 229.06 
  81 327.13 497.88 233.43 
  82 335.34 343.90 327.13 
  83 338.11 461.57 335.34 
  84 332.39 451.65 338.11 
  85 348.94 480.10 338.11 
  86 349.94 519.29 348.94 
  87 410.21 675.22 349.94 
  88 448.37 630.22 410.21 
  89 514.99 806.05 448.37 
  90 613.30 1144.21 514.99 
  91 577.10 1151.94 613.30 
  92 591.08 1286.35 613.30 
  93 552.01 1229.22 613.30 
  94 643.69 1372.08 613.30 
  95 691.32 1256.69 643.69 
  96 705.22 1309.66 691.32 
  97 791.43 1441.98 705.22 
  98 761.60 1325.14 791.43 
  99 876.17 1295.91 791.43 
  76 229.06 417.07 -100000000.00 
  77 228.98 267.50 229.06 
  78 228.95 287.85 229.06 
  79 212.83 362.39 229.06 
  80 233.43 524.01 229.06 
  81 327.13 497.88 233.43 
  82 335.34 343.90 327.13 
  83 338.11 461.57 335.34 
  84 332.39 451.65 338.11 
  85 348.94 480.10 338.11 
  86 349.94 519.29 348.94 
  87 410.21 675.22 349.94 
  88 448.37 630.22 410.21 
  89 514.99 806.05 448.37 
  90 613.30 1144.21 514.99 
  91 577.10 1151.94 613.30 
  92 591.08 1286.35 613.30 
  93 552.01 1229.22 613.30 
  94 643.69 1372.08 613.30 
  95 691.32 1256.69 643.69 
  96 705.22 1309.66 691.32 
  97 791.43 1441.98 705.22 
  98 761.60 1325.14 791.43 
  99 876.17 1295.91 791.43 
 100 992.66 1395.48 876.17 
 101 908.63 1717.27 992.66 
 102 904.64 1742.27 992.66 
 103 1069.61 1888.72 992.66 
 104 1055.20 1491.17 1069.61 
 105 1166.37 1437.35 1069.61 
 106 1006.94 1403.40 1166.37 
 107 1202.29 1622.03 1166.37 
 108 1321.14 1644.06 1202.29 
 109 1228.10 1598.71 1321.14 
 110 1307.46 1963.61 1321.14 
 111 1604.58 1689.52 1321.14 
 112 1404.88 1990.79 1604.58 
 113 1733.69 1900.26 1604.58 
 114 1669.05 1885.75 1733.69 
 115 1508.01 1938.05 1733.69 
 116 1676.71 1912.31 1733.69 
 117 1930.28 1918.18 1733.69 
 118 1702.92 1907.76 1930.28 
 119 1801.31 2079.73 1930.28 
 120 2071.75 2101.76 1930.28 
 121 2025.34 2000.68 2071.75 
 122 1967.57 2116.44 2071.75 
 123 2149.44 1781.96 2071.75 
 124 2043.95 2090.43 2149.44 
 125 2010.68 2034.74 2149.44 
 126 2246.96 1943.83 2149.44 
 127 2230.19 2105.88 2246.96 
 128 2325.18 1737.53 2246.96 
 129 2485.39 1632.63 2325.18 
 130 2656.90 2003.40 2485.39 
 131 2561.10 1940.83 2656.90 
 132 2519.92 2108.32 2656.90 
 133 2594.31 1932.45 2656.90 
 134 2702.72 1950.56 2656.90 
 135 2605.59 2122.72 2702.72 
 136 2675.49 2062.30 2702.72 
 137 2936.12 2304.97 2702.72 
 138 2927.32 1931.00 2936.12 
 139 2865.32 2087.96 2936.12 
 140 3142.27 2209.21 2936.12 
 141 3029.36 2578.66 3142.27 
 142 3318.08 2361.45 3142.27 
 143 3154.59 2907.99 3318.08 
 144 3136.98 2995.27 3318.08 
 145 3036.37 2999.64 3318.08 
 146 3134.38 3118.14 3318.08 
 147 3350.94 3040.80 3318.08 
 148 3219.28 3004.62 3350.94 
 149 3118.06 2816.76 3350.94 
 150 3421.65 2864.22 3350.94 
 151 3278.02 2767.32 3421.65 
 152 3380.70 3027.53 3421.65 
 153 3455.64 2787.39 3421.65 
 154 3436.00 2890.04 3455.64 
 155 3312.10 3092.80 3455.64 
 156 3472.85 3073.85 3455.64 
 157 3496.76 3374.04 3472.85 
 158 3426.14 3403.14 3496.76 
 159 3609.10 3316.92 3496.76 
 160 3519.30 3619.29 3609.10 
 161 3536.05 3583.63 3609.10 
 162 3592.74 3525.19 3609.10 
 163 3660.82 3541.69 3609.10 
 164 3697.59 3470.00 3660.82 
 165 3720.19 3579.98 3697.59 
 166 3741.34 3716.62 3720.19 
 167 3718.10 3750.95 3741.34 
 168 3777.35 3780.80 3741.34 
 169 3777.42 3722.28 3777.35 
 170 3838.52 3729.32 3777.42 
 171 3845.39 3788.22 3838.52 
 172 3763.83 3886.89 3845.39 
 173 3717.33 3953.95 3845.39 
 174 3858.04 3948.78 3845.39 
 175 3761.59 3887.22 3858.04 
 176 3858.04 3888.26 3858.04 
 177 3922.05 3831.74 3858.04 
 178 3888.76 3857.51 3922.05 
 179 3861.62 3664.75 3922.05 
 180 3929.28 3574.83 3922.05 
 181 3895.04 3739.69 3929.28 
 182 3916.50 3669.40 3929.28 
 183 3981.59 3593.04 3929.28 
 184 4013.65 3513.65 3981.59 
 185 4018.06 3725.96 4013.65 
 186 3927.32 3660.34 4018.06 
 187 4109.23 3882.15 4018.06 
 188 3906.99 3697.19 4109.23 
 189 3942.29 3811.84 4109.23 
 190 3972.90 4081.55 4109.23 
 191 4058.74 4140.66 4109.23 
 192 3920.22 4137.27 4109.23 
 193 4070.17 4131.10 4109.23 
 194 3993.17 4190.40 4109.23 
 195 4017.25 4221.17 4109.23 
 196 4037.15 4228.57 4109.23 
 197 4104.56 4024.48 4109.23 
 198 3907.79 4128.89 4109.23 
 199 3967.39 4027.91 4109.23 
